##TITLE= xa
##JCAMP-DX= 5.00 Bruker JCAMP library
##DATA TYPE= Shape Data
##ORIGIN= Bruker Analytik GmbH
##OWNER= <nmrsu>
##DATE= xx
##TIME= xx
##MINX= 0
##MAXX= 1
##MINY= 0
##MAXY= 1
##$SHAPE_EXMODE= gradient
##$SHAPE_TOTROT= 0
##$SHAPE_BWFAC= 0
##$SHAPE_INTEGFAC= 0
##$SHAPE_MODE= 0
##NPOINTS=408
##XYDATA= (X++(Y..Y))
-0.000000
-0.000000
-0.000000
-0.000000
-0.000000
-0.000000
-0.003565
-0.006636
-0.012355
-0.023000
-0.042818
-0.079712
-0.005041
-0.009385
-0.017472
-0.032527
-0.060554
-0.112730
-0.006174
-0.011495
-0.021399
-0.039837
-0.074163
-0.138065
-0.000000
-0.000000
-0.000000
-0.000000
-0.000000
-0.000000
-0.010355
-0.019277
-0.035888
-0.066810
-0.124377
-0.231546
-0.014644
-0.027262
-0.050753
-0.094484
-0.175895
-0.327455
-0.017935
-0.033389
-0.062159
-0.115719
-0.215427
-0.401049
-0.000000
-0.000000
-0.000000
-0.000000
-0.000000
-0.000000
-0.002635
-0.004905
-0.009131
-0.016999
-0.031646
-0.058914
-0.003726
-0.006937
-0.012913
-0.024040
-0.044754
-0.083317
-0.004563
-0.008496
-0.015816
-0.029443
-0.054813
-0.102042
0.000000
0.000000
0.000000
0.000000
0.000000
0.000000
0.004037
0.007515
0.013990
0.026044
0.048485
0.090262
0.005709
0.010628
0.019785
0.036832
0.068568
0.127650
0.006992
0.013016
0.024231
0.045110
0.083979
0.156339
0.000000
0.000000
0.000000
0.000000
0.000000
0.000000
0.004518
0.008411
0.015657
0.029148
0.054264
0.101021
0.006389
0.011894
0.022143
0.041222
0.076741
0.142865
0.007825
0.014567
0.027119
0.050487
0.093988
0.174973
0.000000
0.000000
0.000000
0.000000
0.000000
0.000000
0.000080
0.000149
0.000277
0.000517
0.000962
0.001790
0.000113
0.000211
0.000392
0.000730
0.001360
0.002532
0.000139
0.000258
0.000481
0.000895
0.001665
0.003100
-0.000000
-0.000000
-0.000000
-0.000000
-0.000000
-0.000000
-0.003766
-0.007011
-0.013053
-0.024299
-0.045237
-0.084215
-0.005326
-0.009916
-0.018459
-0.034365
-0.063975
-0.119098
-0.006523
-0.012144
-0.022608
-0.042088
-0.078353
-0.145865
0.000000
0.000000
0.000000
0.000000
0.000000
0.000000
0.018463
0.034372
0.063988
0.119122
0.221764
0.412845
0.026111
0.048609
0.090492
0.168464
0.313621
0.583851
0.031979
0.059533
0.110830
0.206326
0.384106
0.715069
-0.000000
-0.000000
-0.000000
-0.000000
-0.000000
-0.000000
-0.015483
-0.028824
-0.053661
-0.099897
-0.185973
-0.346217
-0.021897
-0.040764
-0.075888
-0.141276
-0.263006
-0.489624
-0.026818
-0.049925
-0.092943
-0.173027
-0.322115
-0.599665
0.000000
0.000000
0.000000
0.000000
0.000000
0.000000
0.014932
0.027799
0.051751
0.096342
0.179355
0.333895
0.021117
0.039313
0.073187
0.136248
0.253646
0.472200
0.025863
0.048149
0.089636
0.166870
0.310652
0.578324
-0.000000
-0.000000
-0.000000
-0.000000
-0.000000
-0.000000
-0.000132
-0.000245
-0.000456
-0.000850
-0.001582
-0.002945
-0.000186
-0.000347
-0.000646
-0.001202
-0.002237
-0.004165
-0.000228
-0.000425
-0.000791
-0.001472
-0.002740
-0.005101
0.000000
0.000000
0.000000
0.000000
0.000000
0.000000
0.012092
0.022512
0.041909
0.078019
0.145244
0.270394
0.017101
0.031836
0.059268
0.110336
0.205407
0.382394
0.020945
0.038991
0.072588
0.135133
0.251571
0.468335
-0.000000
-0.000000
-0.000000
-0.000000
-0.000000
-0.000000
-0.004534
-0.008440
-0.015713
-0.029251
-0.054455
-0.101377
-0.006412
-0.011936
-0.022221
-0.041368
-0.077012
-0.143368
-0.007853
-0.014619
-0.027215
-0.050665
-0.094320
-0.175590
-0.000000
-0.000000
-0.000000
-0.000000
-0.000000
-0.000000
-0.003565
-0.006636
-0.012355
-0.023000
-0.042818
-0.079712
-0.005041
-0.009385
-0.017472
-0.032527
-0.060554
-0.112730
-0.006174
-0.011495
-0.021399
-0.039837
-0.074163
-0.138065
-0.000000
-0.000000
-0.000000
-0.000000
-0.000000
-0.000000
-0.015062
-0.028040
-0.052201
-0.097179
-0.180914
-0.336797
-0.021301
-0.039655
-0.073823
-0.137433
-0.255851
-0.476303
-0.026088
-0.048567
-0.090415
-0.168320
-0.313352
-0.583350
-0.000000
-0.000000
-0.000000
-0.000000
-0.000000
-0.000000
-0.000749
-0.001394
-0.002595
-0.004832
-0.008995
-0.016745
-0.001059
-0.001972
-0.003670
-0.006833
-0.012720
-0.023681
-0.001297
-0.002415
-0.004495
-0.008368
-0.015579
-0.029003
0.000000
0.000000
0.000000
0.000000
0.000000
0.000000
0.004899
0.009121
0.016979
0.031609
0.058845
0.109549
0.006928
0.012898
0.024012
0.044702
0.083219
0.154925
0.008486
0.015797
0.029409
0.054749
0.101923
0.189744
##END
