##TITLE= xb
##JCAMP-DX= 5.00 Bruker JCAMP library
##DATA TYPE= Shape Data
##ORIGIN= Bruker Analytik GmbH
##OWNER= <nmrsu>
##DATE= xx
##TIME= xx
##MINX= 0
##MAXX= 1
##MINY= 0
##MAXY= 1
##$SHAPE_EXMODE= gradient
##$SHAPE_TOTROT= 0
##$SHAPE_BWFAC= 0
##$SHAPE_INTEGFAC= 0
##$SHAPE_MODE= 0
##NPOINTS=408
##XYDATA= (X++(Y..Y))
-0.000000
-0.000000
-0.000000
-0.000000
-0.000000
-0.000000
-0.025542
-0.047550
-0.088521
-0.164794
-0.306789
-0.571132
-0.036122
-0.067246
-0.125187
-0.233055
-0.433865
-0.807703
-0.044240
-0.082359
-0.153323
-0.285432
-0.531374
-0.989230
-0.000000
-0.000000
-0.000000
-0.000000
-0.000000
-0.000000
-0.013295
-0.024750
-0.046075
-0.085775
-0.159684
-0.297274
-0.018801
-0.035001
-0.065160
-0.121305
-0.225827
-0.420409
-0.023027
-0.042868
-0.079804
-0.148567
-0.276580
-0.514894
-0.000000
-0.000000
-0.000000
-0.000000
-0.000000
-0.000000
-0.025624
-0.047702
-0.088805
-0.165323
-0.307773
-0.572965
-0.036237
-0.067461
-0.125589
-0.233803
-0.435257
-0.810295
-0.044382
-0.082623
-0.153815
-0.286348
-0.533079
-0.992405
0.000000
0.000000
0.000000
0.000000
0.000000
0.000000
0.008920
0.016605
0.030913
0.057549
0.107135
0.199448
0.012614
0.023483
0.043717
0.081386
0.151512
0.282061
0.015449
0.028761
0.053542
0.099677
0.185563
0.345453
-0.000000
-0.000000
-0.000000
-0.000000
-0.000000
-0.000000
-0.020882
-0.038875
-0.072371
-0.134729
-0.250817
-0.466933
-0.029531
-0.054977
-0.102348
-0.190535
-0.354709
-0.660343
-0.036168
-0.067333
-0.125350
-0.233357
-0.434429
-0.808752
-0.000000
-0.000000
-0.000000
-0.000000
-0.000000
-0.000000
-0.025819
-0.048065
-0.089480
-0.166580
-0.310113
-0.577321
-0.036513
-0.067974
-0.126544
-0.235580
-0.438567
-0.816456
-0.044719
-0.083251
-0.154984
-0.288526
-0.537132
-0.999950
-0.000000
-0.000000
-0.000000
-0.000000
-0.000000
-0.000000
-0.019810
-0.036880
-0.068658
-0.127816
-0.237948
-0.442975
-0.028016
-0.052156
-0.097097
-0.180759
-0.336510
-0.626462
-0.034313
-0.063878
-0.118918
-0.221384
-0.412139
-0.767256
-0.000000
-0.000000
-0.000000
-0.000000
-0.000000
-0.000000
-0.001621
-0.003018
-0.005618
-0.010458
-0.019469
-0.036245
-0.002292
-0.004268
-0.007945
-0.014790
-0.027534
-0.051258
-0.002808
-0.005227
-0.009730
-0.018114
-0.033722
-0.062778
-0.000000
-0.000000
-0.000000
-0.000000
-0.000000
-0.000000
-0.000389
-0.000724
-0.001347
-0.002508
-0.004668
-0.008691
-0.000550
-0.001023
-0.001905
-0.003546
-0.006602
-0.012291
-0.000673
-0.001253
-0.002333
-0.004343
-0.008086
-0.015053
0.000000
0.000000
0.000000
0.000000
0.000000
0.000000
0.018460
0.034366
0.063977
0.119103
0.221728
0.412780
0.026106
0.048601
0.090478
0.168438
0.313571
0.583759
0.031974
0.059524
0.110812
0.206293
0.384045
0.714955
0.000000
0.000000
0.000000
0.000000
0.000000
0.000000
0.025817
0.048062
0.089474
0.166568
0.310091
0.577280
0.036510
0.067969
0.126535
0.235563
0.438535
0.816398
0.044716
0.083245
0.154973
0.288505
0.537094
0.999879
-0.000000
-0.000000
-0.000000
-0.000000
-0.000000
-0.000000
-0.012406
-0.023096
-0.042996
-0.080044
-0.149013
-0.277409
-0.017545
-0.032662
-0.060806
-0.113199
-0.210736
-0.392315
-0.021488
-0.040003
-0.074471
-0.138639
-0.258098
-0.480486
0.000000
0.000000
0.000000
0.000000
0.000000
0.000000
0.022541
0.041963
0.078119
0.145431
0.270740
0.504023
0.031877
0.059344
0.110478
0.205670
0.382885
0.712796
0.039041
0.072681
0.135307
0.251893
0.468936
0.872993
0.000000
0.000000
0.000000
0.000000
0.000000
0.000000
0.025542
0.047550
0.088521
0.164794
0.306789
0.571132
0.036122
0.067246
0.125187
0.233055
0.433865
0.807703
0.044240
0.082359
0.153323
0.285432
0.531374
0.989230
0.000000
0.000000
0.000000
0.000000
0.000000
0.000000
0.015741
0.029304
0.054554
0.101561
0.189071
0.351982
0.022261
0.041443
0.077152
0.143629
0.267386
0.497778
0.027264
0.050757
0.094491
0.175909
0.327480
0.609651
0.000000
0.000000
0.000000
0.000000
0.000000
0.000000
0.005972
0.011118
0.020699
0.038533
0.071735
0.133546
0.008446
0.015724
0.029272
0.054494
0.101449
0.188862
0.010344
0.019258
0.035851
0.066742
0.124249
0.231308
0.000000
0.000000
0.000000
0.000000
0.000000
0.000000
0.022123
0.041186
0.076673
0.142738
0.265727
0.494690
0.031287
0.058245
0.108432
0.201862
0.375795
0.699597
0.038319
0.071336
0.132801
0.247229
0.460253
0.856828
##END
