##TITLE= ya
##JCAMP-DX= 5.00 Bruker JCAMP library
##DATA TYPE= Shape Data
##ORIGIN= Bruker Analytik GmbH
##OWNER= <nmrsu>
##DATE= xx
##TIME= xx
##MINX= 0
##MAXX= 1
##MINY= 0
##MAXY= 1
##$SHAPE_EXMODE= gradient
##$SHAPE_TOTROT= 0
##$SHAPE_BWFAC= 0
##$SHAPE_INTEGFAC= 0
##$SHAPE_MODE= 0
##NPOINTS=408
##XYDATA= (X++(Y..Y))
-0.000000
-0.000000
-0.000000
-0.000000
-0.000000
-0.000000
-0.024093
-0.044852
-0.083499
-0.155446
-0.289385
-0.538732
-0.034072
-0.063431
-0.118085
-0.219833
-0.409252
-0.761881
-0.041730
-0.077686
-0.144625
-0.269240
-0.501229
-0.933110
-0.000000
-0.000000
-0.000000
-0.000000
-0.000000
-0.000000
-0.006220
-0.011579
-0.021555
-0.040128
-0.074705
-0.139074
-0.008796
-0.016375
-0.030484
-0.056750
-0.105648
-0.196680
-0.010773
-0.020055
-0.037335
-0.069504
-0.129392
-0.240883
0.000000
0.000000
0.000000
0.000000
0.000000
0.000000
0.021255
0.039569
0.073664
0.137136
0.255299
0.475277
0.030059
0.055959
0.104177
0.193940
0.361048
0.672143
0.036815
0.068536
0.127590
0.237527
0.442191
0.823203
0.000000
0.000000
0.000000
0.000000
0.000000
0.000000
0.001486
0.002766
0.005150
0.009587
0.017848
0.033227
0.002101
0.003912
0.007283
0.013558
0.025241
0.046990
0.002574
0.004791
0.008920
0.016606
0.030914
0.057551
0.000000
0.000000
0.000000
0.000000
0.000000
0.000000
0.006212
0.011565
0.021530
0.040081
0.074617
0.138911
0.008786
0.016356
0.030448
0.056684
0.105525
0.196450
0.010760
0.020031
0.037291
0.069423
0.129241
0.240601
-0.000000
-0.000000
-0.000000
-0.000000
-0.000000
-0.000000
-0.008003
-0.014898
-0.027735
-0.051633
-0.096123
-0.178947
-0.011318
-0.021069
-0.039224
-0.073021
-0.135939
-0.253070
-0.013861
-0.025805
-0.048039
-0.089432
-0.166490
-0.309946
0.000000
0.000000
0.000000
0.000000
0.000000
0.000000
0.004506
0.008388
0.015615
0.029070
0.054118
0.100749
0.006372
0.011862
0.022083
0.041112
0.076535
0.142481
0.007804
0.014528
0.027047
0.050351
0.093736
0.174503
0.000000
0.000000
0.000000
0.000000
0.000000
0.000000
0.001161
0.002162
0.004025
0.007493
0.013949
0.025969
0.001642
0.003058
0.005692
0.010597
0.019727
0.036726
0.002012
0.003745
0.006971
0.012978
0.024161
0.044979
0.000000
0.000000
0.000000
0.000000
0.000000
0.000000
0.000233
0.000434
0.000808
0.001504
0.002800
0.005212
0.000330
0.000614
0.001142
0.002127
0.003960
0.007371
0.000404
0.000752
0.001399
0.002605
0.004849
0.009028
0.000000
0.000000
0.000000
0.000000
0.000000
0.000000
0.015269
0.028426
0.052919
0.098517
0.183404
0.341434
0.021594
0.040201
0.074839
0.139324
0.259373
0.482860
0.026447
0.049236
0.091659
0.170637
0.317666
0.591381
0.000000
0.000000
0.000000
0.000000
0.000000
0.000000
0.008458
0.015746
0.029314
0.054573
0.101595
0.189135
0.011962
0.022269
0.041457
0.077178
0.143678
0.267477
0.014650
0.027274
0.050774
0.094523
0.175968
0.327591
-0.000000
-0.000000
-0.000000
-0.000000
-0.000000
-0.000000
-0.006625
-0.012334
-0.022961
-0.042745
-0.079576
-0.148141
-0.009369
-0.017442
-0.032471
-0.060450
-0.112537
-0.209504
-0.011475
-0.021362
-0.039769
-0.074036
-0.137829
-0.256588
-0.000000
-0.000000
-0.000000
-0.000000
-0.000000
-0.000000
-0.008115
-0.015107
-0.028124
-0.052357
-0.097470
-0.181454
-0.011476
-0.021365
-0.039773
-0.074044
-0.137843
-0.256615
-0.014055
-0.026166
-0.048712
-0.090685
-0.168823
-0.314288
-0.000000
-0.000000
-0.000000
-0.000000
-0.000000
-0.000000
-0.024093
-0.044852
-0.083499
-0.155446
-0.289385
-0.538732
-0.034072
-0.063431
-0.118085
-0.219833
-0.409252
-0.761881
-0.041730
-0.077686
-0.144625
-0.269240
-0.501229
-0.933110
0.000000
0.000000
0.000000
0.000000
0.000000
0.000000
0.011584
0.021566
0.040148
0.074742
0.139143
0.259035
0.016383
0.030499
0.056778
0.105701
0.196778
0.366330
0.020065
0.037353
0.069539
0.129457
0.241002
0.448661
0.000000
0.000000
0.000000
0.000000
0.000000
0.000000
0.000178
0.000331
0.000617
0.001149
0.002139
0.003981
0.000252
0.000469
0.000873
0.001625
0.003024
0.005630
0.000308
0.000574
0.001069
0.001990
0.003704
0.006896
-0.000000
-0.000000
-0.000000
-0.000000
-0.000000
-0.000000
-0.008141
-0.015156
-0.028216
-0.052528
-0.097789
-0.182048
-0.011514
-0.021434
-0.039903
-0.074286
-0.138294
-0.257455
-0.014101
-0.026252
-0.048871
-0.090981
-0.169375
-0.315316
##END
