##TITLE= axial c
##JCAMP-DX= 5.00 Bruker JCAMP library
##DATA TYPE= Shape Data
##ORIGIN= Bruker Analytik GmbH
##OWNER= <nmrsu>
##DATE= xx
##TIME= xx
##MINX= 0
##MAXX= 1
##MINY= 0
##MAXY= 1
##$SHAPE_EXMODE= gradient
##$SHAPE_TOTROT= 0
##$SHAPE_BWFAC= 0
##$SHAPE_INTEGFAC= 0
##$SHAPE_MODE= 0
##NPOINTS=1000
##XYDATA= (X++(Y..Y))
0.000000
0.009706
0.019411
0.029112
0.038809
0.048498
0.058179
0.067850
0.077509
0.087155
0.096785
0.106399
0.115994
0.125569
0.135122
0.144651
0.154155
0.163632
0.173081
0.182500
0.191887
0.201240
0.210559
0.219840
0.229084
0.238287
0.247449
0.256568
0.265642
0.274670
0.283650
0.292580
0.301460
0.310287
0.319060
0.327777
0.336437
0.345039
0.353581
0.362060
0.370477
0.378830
0.387116
0.395335
0.403485
0.411564
0.419572
0.427507
0.435367
0.443152
0.450859
0.458488
0.466037
0.473504
0.480890
0.488191
0.495407
0.502537
0.509580
0.516533
0.523397
0.530169
0.536849
0.543436
0.549928
0.556324
0.562623
0.568824
0.574926
0.580928
0.586828
0.592626
0.598321
0.603912
0.609398
0.614777
0.620049
0.625214
0.630269
0.635214
0.640049
0.644773
0.649384
0.653881
0.658265
0.662534
0.666688
0.670726
0.674646
0.678450
0.682134
0.685701
0.689147
0.692474
0.695680
0.698764
0.701727
0.704568
0.707286
0.709881
0.712351
0.714698
0.716921
0.719018
0.720990
0.722837
0.724557
0.726152
0.727620
0.728961
0.730175
0.731261
0.732221
0.733053
0.733757
0.734333
0.734781
0.735101
0.735294
0.735358
0.735358
0.735276
0.735031
0.734622
0.734051
0.733316
0.732419
0.731360
0.730140
0.728758
0.727215
0.725513
0.723652
0.721632
0.719455
0.717122
0.714633
0.711990
0.709194
0.706247
0.703148
0.699901
0.696506
0.692965
0.689279
0.685450
0.681480
0.677370
0.673123
0.668740
0.664223
0.659575
0.654796
0.649890
0.644859
0.639704
0.634428
0.629034
0.623523
0.617899
0.612164
0.606320
0.600370
0.594316
0.588162
0.581909
0.575562
0.569122
0.562592
0.555976
0.549276
0.542495
0.535637
0.528704
0.521699
0.514626
0.507488
0.500287
0.493028
0.485712
0.478345
0.470928
0.463465
0.455960
0.448415
0.440834
0.433221
0.425579
0.417911
0.410221
0.402512
0.394787
0.387051
0.379305
0.371555
0.363803
0.356052
0.348307
0.340570
0.332846
0.325137
0.317446
0.309778
0.302136
0.294523
0.286943
0.279398
0.271893
0.264430
0.257013
0.249645
0.242330
0.235071
0.227870
0.220732
0.213659
0.206654
0.199721
0.192862
0.186082
0.179382
0.172766
0.166236
0.159796
0.153448
0.147196
0.141042
0.134988
0.129038
0.123194
0.117458
0.111834
0.106324
0.100930
0.095654
0.090499
0.085468
0.080562
0.075783
0.071134
0.066618
0.062235
0.057987
0.053878
0.049908
0.046079
0.042393
0.038852
0.035457
0.032209
0.029111
0.026163
0.023367
0.020724
0.018236
0.015903
0.013726
0.011706
0.009845
0.008142
0.006600
0.005218
0.003997
0.002938
0.002041
0.001307
0.000735
0.000327
0.000082
0.000000
0.000000
0.000000
0.000000
0.000000
0.000000
0.000000
0.000000
0.000000
0.000000
0.000000
0.000000
0.000000
0.000000
0.000000
0.000000
0.000000
0.000000
0.000000
0.000000
0.000000
0.000000
0.000000
0.000000
0.000000
0.000000
0.000000
0.000000
0.000000
0.000000
0.000000
0.000000
0.000000
0.000000
0.000000
0.000000
0.000000
0.000000
0.000000
0.000000
0.000000
0.000000
0.000000
0.000000
0.000000
0.000000
0.000000
0.000000
0.000000
0.000000
0.000000
0.000000
0.000000
0.000000
0.000000
0.000000
0.000000
0.000000
0.000000
0.000000
0.000000
0.000000
0.000000
0.000000
0.000000
0.000000
0.000000
0.000000
0.000000
0.000000
0.000000
0.000000
0.000000
0.000000
0.000000
0.000000
0.000000
0.000000
0.000000
0.000000
0.000000
0.000000
0.000000
0.000000
0.000000
0.000000
0.000000
0.000000
0.000000
0.000000
0.000000
0.000000
0.000000
0.000000
0.000000
0.000000
0.000000
0.000000
0.000000
0.000000
0.000000
0.000000
0.000000
0.000000
0.000000
0.000000
0.000000
0.000000
0.000000
0.000000
0.000000
0.000000
0.000000
0.000000
0.000000
0.000000
0.000000
0.000000
0.000000
0.000000
0.000000
0.000000
0.000000
0.000000
0.000000
0.000000
0.000000
0.000000
0.000000
0.000000
0.000000
0.000000
0.000000
0.000000
0.000000
0.000000
0.000000
0.000000
0.000000
0.000000
0.000000
0.000000
0.000000
0.000000
0.000000
0.000000
0.000000
0.000000
0.000000
0.000000
0.000000
0.000000
0.000000
0.000000
0.000000
0.000000
0.000000
0.000000
0.000000
0.000000
0.000000
0.000000
0.000000
0.000000
0.000000
0.000000
0.000000
0.000000
0.000000
0.000000
0.000000
0.000000
0.000000
0.000000
0.000000
0.000000
0.000000
0.000000
0.000000
0.000000
0.000000
0.000000
0.000000
0.000000
0.000000
0.000000
0.000000
0.000000
0.000000
0.000000
0.000000
0.000000
0.000000
0.000000
0.000000
0.000000
0.000000
0.000000
0.000000
0.000000
0.000000
0.000000
0.000000
0.000000
0.000000
0.000000
0.000000
0.000000
0.000000
0.000000
0.000000
0.000000
0.000000
0.000000
0.000000
0.000000
0.000000
0.000000
0.000000
0.000000
0.000000
0.000000
0.000000
0.000000
0.000000
0.000000
0.000000
0.000000
0.000000
0.000000
0.000000
0.000000
0.000000
0.000000
0.000000
0.000000
0.000000
0.000000
0.000000
0.000000
0.000000
0.000000
0.000000
0.000000
0.000000
0.000000
0.000000
0.000000
0.000000
0.000000
0.000000
0.000000
0.000000
0.000000
0.000000
0.000000
0.000000
0.000000
0.000000
0.000000
0.000000
0.000000
0.000000
0.000000
0.000000
0.000000
0.000000
0.000000
0.000000
0.000000
0.000000
0.000000
0.000000
0.000000
0.000000
0.000000
0.000000
0.000000
0.000000
0.000000
0.000000
0.000000
0.000000
0.000000
0.000000
0.000000
0.000000
0.000000
0.000000
0.000000
0.000000
0.000000
0.000000
0.000000
0.000000
0.000000
0.000000
0.000000
0.000000
0.000000
0.000000
0.000000
0.000000
0.000000
0.000000
0.000000
0.000000
0.000000
0.000000
0.000000
0.000000
0.000000
0.000000
0.000000
0.000000
0.000000
0.000000
0.000000
0.000000
0.000000
0.000000
0.000000
0.000000
0.000000
0.000000
0.000000
0.000000
0.000000
0.000000
0.000000
0.000000
0.000000
0.000000
0.000000
0.000000
0.000000
0.000000
0.000000
0.000000
0.000000
0.000000
0.000000
0.000000
0.000000
0.000000
0.000000
0.000000
0.000000
0.000000
0.000000
0.000000
0.000000
0.000000
0.000000
0.000000
0.000000
0.000000
0.000000
0.000000
0.000000
0.000000
0.000000
0.000000
0.000000
0.000000
0.000000
0.000000
0.000000
0.000000
0.000000
0.000000
0.000000
0.000000
0.000000
0.000000
0.000000
0.000000
0.000000
0.000000
0.000000
0.000000
0.000000
0.000000
0.000000
0.000000
0.000000
0.000000
0.000000
0.000000
0.000000
0.000000
0.000000
0.000000
0.000000
0.000000
0.000000
0.000000
0.000000
0.000000
0.000000
0.000000
0.000000
0.000000
0.000000
0.000000
0.000000
0.000000
0.000000
0.000000
0.000000
0.000000
0.000000
0.000000
0.000000
0.000000
0.000000
0.000000
0.000000
0.000000
0.000000
0.000000
0.000000
0.000000
0.000000
0.000000
0.000000
0.000000
0.000000
0.000000
0.000000
0.000000
0.000000
0.000000
0.000000
0.000000
0.000000
0.000000
0.000000
0.000000
0.000000
0.000000
0.000000
0.000000
0.000000
0.000000
0.000000
0.000000
0.000000
0.000000
0.000000
0.000000
0.000000
0.000000
0.000000
0.000000
0.000000
0.000000
0.000000
0.000000
0.000000
0.000000
0.000000
-0.000082
-0.000327
-0.000735
-0.001307
-0.002041
-0.002938
-0.003997
-0.005218
-0.006600
-0.008142
-0.009845
-0.011706
-0.013726
-0.015903
-0.018236
-0.020724
-0.023367
-0.026163
-0.029111
-0.032209
-0.035457
-0.038852
-0.042393
-0.046079
-0.049908
-0.053878
-0.057987
-0.062235
-0.066618
-0.071134
-0.075783
-0.080562
-0.085468
-0.090499
-0.095654
-0.100930
-0.106324
-0.111834
-0.117458
-0.123194
-0.129038
-0.134988
-0.141042
-0.147196
-0.153448
-0.159796
-0.166236
-0.172766
-0.179382
-0.186082
-0.192862
-0.199721
-0.206654
-0.213659
-0.220732
-0.227870
-0.235071
-0.242330
-0.249645
-0.257013
-0.264430
-0.271893
-0.279398
-0.286943
-0.294523
-0.302136
-0.309778
-0.317446
-0.325137
-0.332846
-0.340570
-0.348307
-0.356052
-0.363803
-0.371555
-0.379305
-0.387051
-0.394787
-0.402512
-0.410221
-0.417911
-0.425579
-0.433221
-0.440834
-0.448415
-0.455960
-0.463465
-0.470928
-0.478345
-0.485712
-0.493028
-0.500287
-0.507488
-0.514626
-0.521699
-0.528704
-0.535637
-0.542495
-0.549276
-0.555976
-0.562592
-0.569122
-0.575562
-0.581909
-0.588162
-0.594316
-0.600370
-0.606320
-0.612164
-0.617899
-0.623523
-0.629034
-0.634428
-0.639704
-0.644859
-0.649890
-0.654796
-0.659575
-0.664223
-0.668740
-0.673123
-0.677370
-0.681480
-0.685450
-0.689279
-0.692965
-0.696506
-0.699901
-0.703148
-0.706247
-0.709194
-0.711990
-0.714633
-0.717122
-0.719455
-0.721632
-0.723652
-0.725513
-0.727215
-0.728758
-0.730140
-0.731360
-0.732419
-0.733316
-0.734051
-0.734622
-0.735031
-0.735276
-0.735358
-0.735358
-0.735294
-0.735101
-0.734781
-0.734333
-0.733757
-0.733053
-0.732221
-0.731261
-0.730175
-0.728961
-0.727620
-0.726152
-0.724557
-0.722837
-0.720990
-0.719018
-0.716921
-0.714698
-0.712351
-0.709881
-0.707286
-0.704568
-0.701727
-0.698764
-0.695680
-0.692474
-0.689147
-0.685701
-0.682134
-0.678450
-0.674646
-0.670726
-0.666688
-0.662534
-0.658265
-0.653881
-0.649384
-0.644773
-0.640049
-0.635214
-0.630269
-0.625214
-0.620049
-0.614777
-0.609398
-0.603912
-0.598321
-0.592626
-0.586828
-0.580928
-0.574926
-0.568824
-0.562623
-0.556324
-0.549928
-0.543436
-0.536849
-0.530169
-0.523397
-0.516533
-0.509580
-0.502537
-0.495407
-0.488191
-0.480890
-0.473504
-0.466037
-0.458488
-0.450859
-0.443152
-0.435367
-0.427507
-0.419572
-0.411564
-0.403485
-0.395335
-0.387116
-0.378830
-0.370477
-0.362060
-0.353581
-0.345039
-0.336437
-0.327777
-0.319060
-0.310287
-0.301460
-0.292580
-0.283650
-0.274670
-0.265642
-0.256568
-0.247449
-0.238287
-0.229084
-0.219840
-0.210559
-0.201240
-0.191887
-0.182500
-0.173081
-0.163632
-0.154155
-0.144651
-0.135122
-0.125569
-0.115994
-0.106399
-0.096785
-0.087155
-0.077509
-0.067850
-0.058179
-0.048498
-0.038809
-0.029112
-0.019411
-0.009706
0.000000
##END
