##TITLE= xc
##JCAMP-DX= 5.00 Bruker JCAMP library
##DATA TYPE= Shape Data
##ORIGIN= Bruker Analytik GmbH
##OWNER= <nmrsu>
##DATE= xx
##TIME= xx
##MINX= 0
##MAXX= 1
##MINY= 0
##MAXY= 1
##$SHAPE_EXMODE= gradient
##$SHAPE_TOTROT= 0
##$SHAPE_BWFAC= 0
##$SHAPE_INTEGFAC= 0
##$SHAPE_MODE= 0
##NPOINTS=408
##XYDATA= (X++(Y..Y))
0.002173
0.004046
0.007532
0.014023
0.026105
0.048599
0.001775
0.003304
0.006150
0.011449
0.021315
0.039681
0.001255
0.002336
0.004349
0.008096
0.015072
0.028058
0.000000
0.000000
0.000000
0.000000
0.000000
0.000000
0.033883
0.063079
0.117431
0.218614
0.406982
0.757657
0.027666
0.051504
0.095882
0.178498
0.332300
0.618624
0.019563
0.036419
0.067799
0.126217
0.234971
0.437434
0.000000
0.000000
0.000000
0.000000
0.000000
0.000000
-0.003073
-0.005720
-0.010649
-0.019824
-0.036905
-0.068704
-0.002509
-0.004670
-0.008695
-0.016186
-0.030133
-0.056097
-0.001774
-0.003302
-0.006148
-0.011445
-0.021307
-0.039667
-0.000000
-0.000000
-0.000000
-0.000000
-0.000000
-0.000000
-0.041382
-0.077038
-0.143417
-0.266992
-0.497045
-0.925322
-0.033788
-0.062901
-0.117100
-0.217998
-0.405836
-0.755522
-0.023892
-0.044478
-0.082802
-0.154148
-0.286969
-0.534235
-0.000000
-0.000000
-0.000000
-0.000000
-0.000000
-0.000000
0.025112
0.046750
0.087031
0.162021
0.301626
0.561520
0.020504
0.038171
0.071061
0.132290
0.246276
0.458479
0.014498
0.026991
0.050247
0.093543
0.174144
0.324194
0.000000
0.000000
0.000000
0.000000
0.000000
0.000000
-0.000425
-0.000792
-0.001474
-0.002744
-0.005108
-0.009510
-0.000347
-0.000646
-0.001204
-0.002241
-0.004171
-0.007765
-0.000246
-0.000457
-0.000851
-0.001584
-0.002949
-0.005491
-0.000000
-0.000000
-0.000000
-0.000000
-0.000000
-0.000000
-0.027930
-0.051996
-0.096798
-0.180203
-0.335474
-0.624533
-0.022805
-0.042454
-0.079035
-0.147135
-0.273913
-0.509929
-0.016125
-0.030020
-0.055886
-0.104040
-0.193686
-0.360574
-0.000000
-0.000000
-0.000000
-0.000000
-0.000000
-0.000000
0.031136
0.057965
0.107910
0.200890
0.373986
0.696230
0.025423
0.047328
0.088108
0.164026
0.305358
0.568469
0.017977
0.033466
0.062302
0.115984
0.215921
0.401968
0.000000
0.000000
0.000000
0.000000
0.000000
0.000000
-0.035782
-0.066613
-0.124011
-0.230864
-0.429786
-0.800110
-0.029216
-0.054390
-0.101254
-0.188499
-0.350919
-0.653287
-0.020659
-0.038459
-0.071598
-0.133289
-0.248137
-0.461944
-0.000000
-0.000000
-0.000000
-0.000000
-0.000000
-0.000000
-0.017572
-0.032712
-0.060898
-0.113371
-0.211057
-0.392913
-0.014347
-0.026709
-0.049723
-0.092567
-0.172327
-0.320812
-0.010145
-0.018886
-0.035160
-0.065455
-0.121854
-0.226848
-0.000000
-0.000000
-0.000000
-0.000000
-0.000000
-0.000000
0.000658
0.001225
0.002280
0.004245
0.007902
0.014711
0.000537
0.001000
0.001862
0.003466
0.006452
0.012011
0.000380
0.000707
0.001316
0.002451
0.004562
0.008493
0.000000
0.000000
0.000000
0.000000
0.000000
0.000000
-0.033160
-0.061732
-0.114924
-0.213947
-0.398294
-0.741482
-0.027075
-0.050404
-0.093835
-0.174687
-0.325205
-0.605417
-0.019145
-0.035641
-0.066351
-0.123522
-0.229955
-0.428095
-0.000000
-0.000000
-0.000000
-0.000000
-0.000000
-0.000000
-0.020350
-0.037884
-0.070526
-0.131294
-0.244423
-0.455029
-0.016615
-0.030932
-0.057584
-0.107201
-0.199571
-0.371530
-0.011749
-0.021872
-0.040718
-0.075803
-0.141118
-0.262711
-0.000000
-0.000000
-0.000000
-0.000000
-0.000000
-0.000000
-0.002173
-0.004046
-0.007532
-0.014023
-0.026105
-0.048599
-0.001775
-0.003304
-0.006150
-0.011449
-0.021315
-0.039681
-0.001255
-0.002336
-0.004349
-0.008096
-0.015072
-0.028058
-0.000000
-0.000000
-0.000000
-0.000000
-0.000000
-0.000000
0.024001
0.044682
0.083181
0.154854
0.288284
0.536683
0.019597
0.036482
0.067917
0.126438
0.235383
0.438199
0.013857
0.025797
0.048025
0.089405
0.166441
0.309854
0.000000
0.000000
0.000000
0.000000
0.000000
0.000000
0.043489
0.080961
0.150722
0.280590
0.522359
0.972448
0.035509
0.066105
0.123064
0.229101
0.426505
0.794001
0.025109
0.046743
0.087019
0.161999
0.301584
0.561443
0.000000
0.000000
0.000000
0.000000
0.000000
0.000000
0.021440
0.039914
0.074306
0.138332
0.257524
0.479419
0.017506
0.032590
0.060671
0.112947
0.210268
0.391444
0.012379
0.023044
0.042901
0.079866
0.148682
0.276793
0.000000
0.000000
0.000000
0.000000
0.000000
0.000000
##END
