##TITLE= yc
##JCAMP-DX= 5.00 Bruker JCAMP library
##DATA TYPE= Shape Data
##ORIGIN= Bruker Analytik GmbH
##OWNER= <nmrsu>
##DATE= xx
##TIME= xx
##MINX= 0
##MAXX= 1
##MINY= 0
##MAXY= 1
##$SHAPE_EXMODE= gradient
##$SHAPE_TOTROT= 0
##$SHAPE_BWFAC= 0
##$SHAPE_INTEGFAC= 0
##$SHAPE_MODE= 0
##NPOINTS=408
##XYDATA= (X++(Y..Y))
0.014689
0.027345
0.050907
0.094772
0.176431
0.328452
0.011993
0.022327
0.041566
0.077381
0.144056
0.268180
0.008481
0.015788
0.029391
0.054716
0.101863
0.189632
0.000000
0.000000
0.000000
0.000000
0.000000
0.000000
0.020351
0.037887
0.070533
0.131307
0.244447
0.455073
0.016617
0.030935
0.057590
0.107211
0.199590
0.371565
0.011750
0.021874
0.040722
0.075810
0.141131
0.262736
0.000000
0.000000
0.000000
0.000000
0.000000
0.000000
0.024787
0.046145
0.085906
0.159926
0.297725
0.554259
0.020239
0.037677
0.070142
0.130579
0.243092
0.452551
0.014311
0.026642
0.049598
0.092333
0.171892
0.320002
0.000000
0.000000
0.000000
0.000000
0.000000
0.000000
-0.015233
-0.028359
-0.052794
-0.098284
-0.182970
-0.340626
-0.012438
-0.023155
-0.043106
-0.080249
-0.149395
-0.278120
-0.008795
-0.016373
-0.030481
-0.056744
-0.105638
-0.196660
-0.000000
-0.000000
-0.000000
-0.000000
-0.000000
-0.000000
0.034531
0.064284
0.119674
0.222791
0.414759
0.772134
0.028194
0.052488
0.097714
0.181908
0.338649
0.630445
0.019936
0.037115
0.069094
0.128629
0.239461
0.445792
0.000000
0.000000
0.000000
0.000000
0.000000
0.000000
0.042517
0.079151
0.147351
0.274315
0.510678
0.950702
0.034715
0.064626
0.120312
0.223978
0.416967
0.776245
0.024547
0.045698
0.085073
0.158376
0.294840
0.548888
0.000000
0.000000
0.000000
0.000000
0.000000
0.000000
0.033413
0.062204
0.115802
0.215582
0.401337
0.747148
0.027282
0.050789
0.094552
0.176022
0.327691
0.610044
0.019291
0.035914
0.066858
0.124466
0.231712
0.431366
0.000000
0.000000
0.000000
0.000000
0.000000
0.000000
0.001959
0.003646
0.006788
0.012636
0.023525
0.043794
0.001599
0.002977
0.005542
0.010318
0.019208
0.035758
0.001131
0.002105
0.003919
0.007296
0.013582
0.025285
0.000000
0.000000
0.000000
0.000000
0.000000
0.000000
0.000539
0.001003
0.001867
0.003476
0.006470
0.012046
0.000440
0.000819
0.001524
0.002838
0.005283
0.009835
0.000311
0.000579
0.001078
0.002007
0.003736
0.006955
0.000000
0.000000
0.000000
0.000000
0.000000
0.000000
-0.017968
-0.033451
-0.062273
-0.115931
-0.215822
-0.401783
-0.014671
-0.027312
-0.050846
-0.094657
-0.176218
-0.328055
-0.010374
-0.019313
-0.035953
-0.066933
-0.124605
-0.231970
-0.000000
-0.000000
-0.000000
-0.000000
-0.000000
-0.000000
-0.042248
-0.078651
-0.146420
-0.272581
-0.507450
-0.944691
-0.034495
-0.064218
-0.119551
-0.222562
-0.414331
-0.771337
-0.024392
-0.045409
-0.084535
-0.157375
-0.292976
-0.545418
-0.000000
-0.000000
-0.000000
-0.000000
-0.000000
-0.000000
0.018168
0.033821
0.062964
0.117216
0.218215
0.406238
0.014834
0.027615
0.051410
0.095706
0.178171
0.331692
0.010489
0.019527
0.036352
0.067675
0.125986
0.234542
0.000000
0.000000
0.000000
0.000000
0.000000
0.000000
-0.036424
-0.067808
-0.126234
-0.235003
-0.437493
-0.814457
-0.029740
-0.055365
-0.103070
-0.191879
-0.357211
-0.665001
-0.021029
-0.039149
-0.072881
-0.135679
-0.252587
-0.470227
-0.000000
-0.000000
-0.000000
-0.000000
-0.000000
-0.000000
-0.014689
-0.027345
-0.050907
-0.094772
-0.176431
-0.328453
-0.011993
-0.022327
-0.041566
-0.077381
-0.144056
-0.268180
-0.008481
-0.015788
-0.029391
-0.054716
-0.101863
-0.189632
-0.000000
-0.000000
-0.000000
-0.000000
-0.000000
-0.000000
-0.018460
-0.034365
-0.063976
-0.119100
-0.221722
-0.412769
-0.015072
-0.028059
-0.052236
-0.097245
-0.181036
-0.337024
-0.010658
-0.019841
-0.036936
-0.068763
-0.128012
-0.238312
-0.000000
-0.000000
-0.000000
-0.000000
-0.000000
-0.000000
-0.010340
-0.019249
-0.035835
-0.066712
-0.124194
-0.231205
-0.008442
-0.015717
-0.029259
-0.054470
-0.101404
-0.188778
-0.005970
-0.011113
-0.020689
-0.038516
-0.071703
-0.133486
-0.000000
-0.000000
-0.000000
-0.000000
-0.000000
-0.000000
-0.035629
-0.066329
-0.123482
-0.229880
-0.427954
-0.796700
-0.029091
-0.054158
-0.100823
-0.187696
-0.349423
-0.650502
-0.020571
-0.038295
-0.071292
-0.132721
-0.247080
-0.459975
-0.000000
-0.000000
-0.000000
-0.000000
-0.000000
-0.000000
##END
