##TITLE= za
##JCAMP-DX= 5.00 Bruker JCAMP library
##DATA TYPE= Shape Data
##ORIGIN= Bruker Analytik GmbH
##OWNER= <nmrsu>
##DATE= xx
##TIME= xx
##MINX= 0
##MAXX= 1
##MINY= 0
##MAXY= 1
##$SHAPE_EXMODE= gradient
##$SHAPE_TOTROT= 0
##$SHAPE_BWFAC= 0
##$SHAPE_INTEGFAC= 0
##$SHAPE_MODE= 0
##NPOINTS=408
##XYDATA= (X++(Y..Y))
-0.000000
-0.000000
-0.000000
-0.000000
-0.000000
-0.000000
-0.008573
-0.015960
-0.029711
-0.055312
-0.102972
-0.191697
-0.012124
-0.022571
-0.042018
-0.078223
-0.145624
-0.271100
-0.014849
-0.027643
-0.051462
-0.095803
-0.178352
-0.332028
-0.000000
-0.000000
-0.000000
-0.000000
-0.000000
-0.000000
-0.022820
-0.042483
-0.079088
-0.147234
-0.274098
-0.510273
-0.032272
-0.060080
-0.111848
-0.208221
-0.387633
-0.721635
-0.039526
-0.073583
-0.136985
-0.255017
-0.474751
-0.883819
-0.000000
-0.000000
-0.000000
-0.000000
-0.000000
-0.000000
-0.014420
-0.026846
-0.049977
-0.093040
-0.173207
-0.322451
-0.020394
-0.037966
-0.070679
-0.131578
-0.244952
-0.456014
-0.024977
-0.046498
-0.086563
-0.161150
-0.300004
-0.558501
-0.000000
-0.000000
-0.000000
-0.000000
-0.000000
-0.000000
-0.025459
-0.047396
-0.088234
-0.164261
-0.305795
-0.569282
-0.036005
-0.067028
-0.124782
-0.232300
-0.432460
-0.805086
-0.044096
-0.082092
-0.152826
-0.284508
-0.529653
-0.986025
-0.000000
-0.000000
-0.000000
-0.000000
-0.000000
-0.000000
-0.024651
-0.045891
-0.085433
-0.159046
-0.296087
-0.551209
-0.034862
-0.064900
-0.120821
-0.224925
-0.418731
-0.779528
-0.042697
-0.079486
-0.147974
-0.275476
-0.512838
-0.954723
-0.000000
-0.000000
-0.000000
-0.000000
-0.000000
-0.000000
-0.024548
-0.045700
-0.085077
-0.158384
-0.294855
-0.548915
-0.034716
-0.064630
-0.120318
-0.223989
-0.416988
-0.776283
-0.042519
-0.079155
-0.147358
-0.274329
-0.510704
-0.950749
-0.000000
-0.000000
-0.000000
-0.000000
-0.000000
-0.000000
-0.025143
-0.046808
-0.087139
-0.162223
-0.302001
-0.562219
-0.035558
-0.066196
-0.123234
-0.229418
-0.427094
-0.795098
-0.043549
-0.081073
-0.150930
-0.280978
-0.523082
-0.973793
-0.000000
-0.000000
-0.000000
-0.000000
-0.000000
-0.000000
-0.018012
-0.033532
-0.062425
-0.116213
-0.216348
-0.402763
-0.025473
-0.047422
-0.088282
-0.164350
-0.305962
-0.569593
-0.031198
-0.058079
-0.108123
-0.201287
-0.374725
-0.697606
-0.000000
-0.000000
-0.000000
-0.000000
-0.000000
-0.000000
-0.020661
-0.038464
-0.071606
-0.133304
-0.248165
-0.461996
-0.029219
-0.054396
-0.101266
-0.188521
-0.350959
-0.653361
-0.035786
-0.066621
-0.124025
-0.230890
-0.429835
-0.800200
-0.000000
-0.000000
-0.000000
-0.000000
-0.000000
-0.000000
-0.014510
-0.027012
-0.050288
-0.093618
-0.174283
-0.324454
-0.020520
-0.038201
-0.071118
-0.132396
-0.246474
-0.458847
-0.025132
-0.046787
-0.087101
-0.162151
-0.301867
-0.561970
-0.000000
-0.000000
-0.000000
-0.000000
-0.000000
-0.000000
-0.024395
-0.045414
-0.084546
-0.157394
-0.293012
-0.545484
-0.034499
-0.064226
-0.119566
-0.222589
-0.414381
-0.771431
-0.042253
-0.078660
-0.146437
-0.272614
-0.507511
-0.944806
-0.000000
-0.000000
-0.000000
-0.000000
-0.000000
-0.000000
-0.021830
-0.040640
-0.075657
-0.140846
-0.262206
-0.488134
-0.030872
-0.057473
-0.106995
-0.199187
-0.370815
-0.690326
-0.037811
-0.070390
-0.131041
-0.243953
-0.454154
-0.845473
-0.000000
-0.000000
-0.000000
-0.000000
-0.000000
-0.000000
-0.024089
-0.044844
-0.083484
-0.155418
-0.289334
-0.538638
-0.034066
-0.063420
-0.118065
-0.219795
-0.409180
-0.761749
-0.041723
-0.077673
-0.144599
-0.269193
-0.501141
-0.932948
-0.000000
-0.000000
-0.000000
-0.000000
-0.000000
-0.000000
-0.008573
-0.015960
-0.029711
-0.055312
-0.102972
-0.191697
-0.012124
-0.022571
-0.042018
-0.078223
-0.145624
-0.271100
-0.014849
-0.027643
-0.051462
-0.095803
-0.178352
-0.332028
-0.000000
-0.000000
-0.000000
-0.000000
-0.000000
-0.000000
-0.017482
-0.032544
-0.060586
-0.112790
-0.209975
-0.390899
-0.024723
-0.046025
-0.085682
-0.159509
-0.296949
-0.552815
-0.030279
-0.056369
-0.104938
-0.195358
-0.363687
-0.677057
-0.000000
-0.000000
-0.000000
-0.000000
-0.000000
-0.000000
-0.025808
-0.048046
-0.089445
-0.166515
-0.309991
-0.577094
-0.036499
-0.067947
-0.126494
-0.235487
-0.438394
-0.816134
-0.044701
-0.083218
-0.154923
-0.288412
-0.536920
-0.999556
-0.000000
-0.000000
-0.000000
-0.000000
-0.000000
-0.000000
-0.024008
-0.044694
-0.083205
-0.154898
-0.288365
-0.536834
-0.033952
-0.063207
-0.117670
-0.219059
-0.407810
-0.759198
-0.041583
-0.077413
-0.144115
-0.268291
-0.499464
-0.929824
##END
