##TITLE= radial a
##JCAMP-DX= 5.00 Bruker JCAMP library
##DATA TYPE= Shape Data
##ORIGIN= Bruker Analytik GmbH
##OWNER= <nmrsu>
##DATE= xx
##TIME= xx
##MINX= 0
##MAXX= 1
##MINY= 0
##MAXY= 1
##$SHAPE_EXMODE= gradient
##$SHAPE_TOTROT= 0
##$SHAPE_BWFAC= 0
##$SHAPE_INTEGFAC= 0
##$SHAPE_MODE= 0
##NPOINTS=1000
##XYDATA= (X++(Y..Y))
0.000000
0.000000
0.000000
0.000000
0.000000
0.000000
0.000000
0.000000
0.000000
0.000000
0.000000
0.000000
0.000000
0.000001
0.000001
0.000001
0.000002
0.000003
0.000004
0.000005
0.000007
0.000010
0.000013
0.000017
0.000022
0.000028
0.000035
0.000044
0.000054
0.000067
0.000082
0.000099
0.000119
0.000143
0.000171
0.000202
0.000239
0.000281
0.000328
0.000382
0.000443
0.000512
0.000589
0.000676
0.000773
0.000881
0.001001
0.001134
0.001281
0.001443
0.001622
0.001818
0.002033
0.002268
0.002525
0.002805
0.003109
0.003440
0.003798
0.004185
0.004604
0.005056
0.005543
0.006066
0.006628
0.007231
0.007877
0.008568
0.009306
0.010094
0.010934
0.011828
0.012778
0.013787
0.014858
0.015994
0.017195
0.018467
0.019810
0.021227
0.022723
0.024298
0.025956
0.027700
0.029532
0.031456
0.033474
0.035588
0.037803
0.040120
0.042543
0.045073
0.047716
0.050471
0.053344
0.056336
0.059450
0.062689
0.066056
0.069552
0.073181
0.076945
0.080846
0.084887
0.089071
0.093398
0.097872
0.102494
0.107267
0.112192
0.117270
0.122505
0.127896
0.133446
0.139155
0.145026
0.151058
0.157253
0.163611
0.170133
0.176824
0.183683
0.190705
0.197891
0.205239
0.212747
0.220416
0.228243
0.236227
0.244366
0.252658
0.261100
0.269690
0.278424
0.287300
0.296315
0.305464
0.314744
0.324151
0.333680
0.343327
0.353086
0.362953
0.372923
0.382989
0.393145
0.403387
0.413707
0.424098
0.434555
0.445069
0.455635
0.466244
0.476888
0.487561
0.498254
0.508959
0.519667
0.530371
0.541061
0.551730
0.562367
0.572964
0.583513
0.594004
0.604427
0.614774
0.625036
0.635202
0.645264
0.655213
0.665039
0.674732
0.684284
0.693686
0.702927
0.712000
0.720896
0.729605
0.738119
0.746430
0.754529
0.762408
0.770059
0.777474
0.784647
0.791569
0.798234
0.804634
0.810764
0.816618
0.822188
0.827471
0.832460
0.837151
0.841539
0.845620
0.849390
0.852846
0.855985
0.858803
0.861299
0.863471
0.865317
0.866837
0.868028
0.868892
0.869428
0.869637
0.869520
0.869077
0.868311
0.867225
0.865819
0.864098
0.862065
0.859723
0.857076
0.854129
0.850886
0.847353
0.843535
0.839438
0.835068
0.830432
0.825535
0.820385
0.814989
0.809355
0.803490
0.797402
0.791100
0.784592
0.777885
0.770989
0.763913
0.756666
0.749256
0.741693
0.733986
0.726144
0.718177
0.710094
0.701904
0.693617
0.685243
0.676789
0.668267
0.659685
0.651053
0.642379
0.633673
0.624943
0.616198
0.607447
0.598698
0.589960
0.581241
0.572549
0.563892
0.555276
0.546710
0.538201
0.529755
0.521379
0.513080
0.504863
0.496735
0.488701
0.480766
0.472864
0.464923
0.456944
0.448929
0.440877
0.432790
0.424667
0.416511
0.408320
0.400097
0.391841
0.383554
0.375236
0.366887
0.358509
0.350102
0.341666
0.333203
0.324713
0.316196
0.307654
0.299087
0.290496
0.281882
0.273245
0.264585
0.255905
0.247203
0.238482
0.229741
0.220982
0.212205
0.203410
0.194600
0.185773
0.176932
0.168076
0.159207
0.150325
0.141430
0.132524
0.123608
0.114681
0.105746
0.096801
0.087849
0.078890
0.069924
0.060953
0.051977
0.042997
0.034013
0.025026
0.016037
0.007047
-0.001943
-0.010933
-0.019923
-0.028911
-0.037896
-0.046879
-0.055857
-0.064831
-0.073800
-0.082763
-0.091720
-0.100668
-0.109609
-0.118541
-0.127463
-0.136375
-0.145276
-0.154165
-0.163042
-0.171906
-0.180755
-0.189590
-0.198410
-0.207214
-0.216001
-0.224770
-0.233521
-0.242254
-0.250967
-0.259659
-0.268331
-0.276981
-0.285608
-0.294213
-0.302793
-0.311349
-0.319880
-0.328386
-0.336864
-0.345315
-0.353739
-0.362134
-0.370499
-0.378835
-0.387140
-0.395414
-0.403656
-0.411865
-0.420041
-0.428182
-0.436290
-0.444362
-0.452398
-0.460397
-0.468360
-0.476284
-0.484170
-0.492017
-0.499824
-0.507591
-0.515316
-0.523000
-0.530642
-0.538241
-0.545796
-0.553307
-0.560774
-0.568195
-0.575570
-0.582899
-0.590180
-0.597414
-0.604600
-0.611737
-0.618824
-0.625861
-0.632848
-0.639783
-0.646667
-0.653499
-0.660277
-0.667003
-0.673674
-0.680291
-0.686853
-0.693359
-0.699810
-0.706204
-0.712541
-0.718820
-0.725041
-0.731203
-0.737307
-0.743350
-0.749334
-0.755257
-0.761119
-0.766920
-0.772658
-0.778334
-0.783948
-0.789497
-0.794983
-0.800405
-0.805762
-0.811054
-0.816281
-0.821441
-0.826535
-0.831562
-0.836522
-0.841414
-0.846239
-0.850995
-0.855682
-0.860300
-0.864848
-0.869327
-0.873735
-0.878073
-0.882339
-0.886535
-0.890659
-0.894710
-0.898690
-0.902596
-0.906430
-0.910191
-0.913878
-0.917491
-0.921030
-0.924494
-0.927884
-0.931199
-0.934438
-0.937602
-0.940690
-0.943702
-0.946638
-0.949498
-0.952280
-0.954986
-0.957614
-0.960165
-0.962639
-0.965034
-0.967352
-0.969591
-0.971752
-0.973835
-0.975839
-0.977763
-0.979609
-0.981376
-0.983063
-0.984671
-0.986200
-0.987648
-0.989017
-0.990306
-0.991515
-0.992643
-0.993692
-0.994660
-0.995547
-0.996355
-0.997081
-0.997727
-0.998293
-0.998778
-0.999182
-0.999505
-0.999747
-0.999909
-0.999990
-0.999990
-0.999909
-0.999747
-0.999505
-0.999182
-0.998778
-0.998293
-0.997727
-0.997081
-0.996355
-0.995547
-0.994660
-0.993692
-0.992643
-0.991515
-0.990306
-0.989017
-0.987648
-0.986200
-0.984671
-0.983063
-0.981376
-0.979609
-0.977763
-0.975839
-0.973835
-0.971752
-0.969591
-0.967352
-0.965034
-0.962639
-0.960165
-0.957614
-0.954986
-0.952280
-0.949498
-0.946638
-0.943702
-0.940690
-0.937602
-0.934438
-0.931199
-0.927884
-0.924494
-0.921030
-0.917491
-0.913878
-0.910191
-0.906430
-0.902596
-0.898690
-0.894710
-0.890659
-0.886535
-0.882339
-0.878073
-0.873735
-0.869327
-0.864848
-0.860300
-0.855682
-0.850995
-0.846239
-0.841414
-0.836522
-0.831562
-0.826535
-0.821441
-0.816281
-0.811054
-0.805762
-0.800405
-0.794983
-0.789497
-0.783948
-0.778334
-0.772658
-0.766920
-0.761119
-0.755257
-0.749334
-0.743350
-0.737307
-0.731203
-0.725041
-0.718820
-0.712541
-0.706204
-0.699810
-0.693359
-0.686853
-0.680291
-0.673674
-0.667003
-0.660277
-0.653499
-0.646667
-0.639783
-0.632848
-0.625861
-0.618824
-0.611737
-0.604600
-0.597414
-0.590180
-0.582899
-0.575570
-0.568195
-0.560774
-0.553307
-0.545796
-0.538241
-0.530642
-0.523000
-0.515316
-0.507591
-0.499824
-0.492017
-0.484170
-0.476284
-0.468360
-0.460397
-0.452398
-0.444362
-0.436290
-0.428182
-0.420041
-0.411865
-0.403656
-0.395414
-0.387140
-0.378835
-0.370499
-0.362134
-0.353739
-0.345315
-0.336864
-0.328386
-0.319880
-0.311349
-0.302793
-0.294213
-0.285608
-0.276981
-0.268331
-0.259659
-0.250967
-0.242254
-0.233521
-0.224770
-0.216001
-0.207214
-0.198410
-0.189590
-0.180755
-0.171906
-0.163042
-0.154165
-0.145276
-0.136375
-0.127463
-0.118541
-0.109609
-0.100668
-0.091720
-0.082763
-0.073800
-0.064831
-0.055857
-0.046879
-0.037896
-0.028911
-0.019923
-0.010933
-0.001943
0.007047
0.016037
0.025026
0.034013
0.042997
0.051977
0.060953
0.069924
0.078890
0.087849
0.096801
0.105746
0.114681
0.123608
0.132524
0.141430
0.150325
0.159207
0.168076
0.176932
0.185773
0.194600
0.203410
0.212205
0.220982
0.229741
0.238482
0.247203
0.255905
0.264585
0.273245
0.281882
0.290496
0.299087
0.307654
0.316196
0.324713
0.333203
0.341666
0.350102
0.358509
0.366887
0.375236
0.383554
0.391841
0.400097
0.408320
0.416511
0.424667
0.432790
0.440877
0.448929
0.456944
0.464923
0.472864
0.480766
0.488701
0.496735
0.504863
0.513080
0.521379
0.529755
0.538201
0.546710
0.555276
0.563892
0.572549
0.581241
0.589960
0.598698
0.607447
0.616198
0.624943
0.633673
0.642379
0.651053
0.659685
0.668267
0.676789
0.685243
0.693617
0.701904
0.710094
0.718177
0.726144
0.733986
0.741693
0.749256
0.756666
0.763913
0.770989
0.777885
0.784592
0.791100
0.797402
0.803490
0.809355
0.814989
0.820385
0.825535
0.830432
0.835068
0.839438
0.843535
0.847353
0.850886
0.854129
0.857076
0.859723
0.862065
0.864098
0.865819
0.867225
0.868311
0.869077
0.869520
0.869637
0.869428
0.868892
0.868028
0.866837
0.865317
0.863471
0.861299
0.858803
0.855985
0.852846
0.849390
0.845620
0.841539
0.837151
0.832460
0.827471
0.822188
0.816618
0.810764
0.804634
0.798234
0.791569
0.784647
0.777474
0.770059
0.762408
0.754529
0.746430
0.738119
0.729605
0.720896
0.712000
0.702927
0.693686
0.684284
0.674732
0.665039
0.655213
0.645264
0.635202
0.625036
0.614774
0.604427
0.594004
0.583513
0.572964
0.562367
0.551730
0.541061
0.530371
0.519667
0.508959
0.498254
0.487561
0.476888
0.466244
0.455635
0.445069
0.434555
0.424098
0.413707
0.403387
0.393145
0.382989
0.372923
0.362953
0.353086
0.343327
0.333680
0.324151
0.314744
0.305464
0.296315
0.287300
0.278424
0.269690
0.261100
0.252658
0.244366
0.236227
0.228243
0.220416
0.212747
0.205239
0.197891
0.190705
0.183683
0.176824
0.170133
0.163611
0.157253
0.151058
0.145026
0.139155
0.133446
0.127896
0.122505
0.117270
0.112192
0.107267
0.102494
0.097872
0.093398
0.089071
0.084887
0.080846
0.076945
0.073181
0.069552
0.066056
0.062689
0.059450
0.056336
0.053344
0.050471
0.047716
0.045073
0.042543
0.040120
0.037803
0.035588
0.033474
0.031456
0.029532
0.027700
0.025956
0.024298
0.022723
0.021227
0.019810
0.018467
0.017195
0.015994
0.014858
0.013787
0.012778
0.011828
0.010934
0.010094
0.009306
0.008568
0.007877
0.007231
0.006628
0.006066
0.005543
0.005056
0.004604
0.004185
0.003798
0.003440
0.003109
0.002805
0.002525
0.002268
0.002033
0.001818
0.001622
0.001443
0.001281
0.001134
0.001001
0.000881
0.000773
0.000676
0.000589
0.000512
0.000443
0.000382
0.000328
0.000281
0.000239
0.000202
0.000171
0.000143
0.000119
0.000099
0.000082
0.000067
0.000054
0.000044
0.000035
0.000028
0.000022
0.000017
0.000013
0.000010
0.000007
0.000005
0.000004
0.000003
0.000002
0.000001
0.000001
0.000001
0.000000
0.000000
0.000000
0.000000
0.000000
0.000000
0.000000
0.000000
0.000000
0.000000
0.000000
0.000000
0.000000
##END
