##TITLE= za
##JCAMP-DX= 5.00 Bruker JCAMP library
##DATA TYPE= Shape Data
##ORIGIN= Bruker Analytik GmbH
##OWNER= <nmrsu>
##DATE= xx
##TIME= xx
##MINX= 0
##MAXX= 1
##MINY= 0
##MAXY= 1
##$SHAPE_EXMODE= gradient
##$SHAPE_TOTROT= 0
##$SHAPE_BWFAC= 0
##$SHAPE_INTEGFAC= 0
##$SHAPE_MODE= 0
##NPOINTS=544
##XYDATA= (X++(Y..Y))
-0.000000
-0.000000
-0.000000
-0.000000
-0.000000
-0.000000
-0.000000
-0.000000
-0.019170
-0.026636
-0.037011
-0.051426
-0.071457
-0.099289
-0.137961
-0.191697
-0.027110
-0.037669
-0.052341
-0.072728
-0.101055
-0.140416
-0.195107
-0.271100
-0.033203
-0.046135
-0.064105
-0.089073
-0.123767
-0.171973
-0.238956
-0.332028
-0.000000
-0.000000
-0.000000
-0.000000
-0.000000
-0.000000
-0.000000
-0.000000
-0.051027
-0.070902
-0.098518
-0.136891
-0.190209
-0.264295
-0.367236
-0.510273
-0.072164
-0.100271
-0.139326
-0.193593
-0.268996
-0.373769
-0.519350
-0.721635
-0.088382
-0.122806
-0.170639
-0.237102
-0.329452
-0.457772
-0.636072
-0.883819
-0.000000
-0.000000
-0.000000
-0.000000
-0.000000
-0.000000
-0.000000
-0.000000
-0.032245
-0.044804
-0.062256
-0.086504
-0.120197
-0.167013
-0.232063
-0.322451
-0.045601
-0.063363
-0.088043
-0.122335
-0.169984
-0.236191
-0.328187
-0.456014
-0.055850
-0.077603
-0.107830
-0.149829
-0.208187
-0.289274
-0.401945
-0.558501
-0.000000
-0.000000
-0.000000
-0.000000
-0.000000
-0.000000
-0.000000
-0.000000
-0.056928
-0.079101
-0.109911
-0.152721
-0.212205
-0.294858
-0.409704
-0.569282
-0.080509
-0.111866
-0.155438
-0.215980
-0.300103
-0.416992
-0.579409
-0.805086
-0.098603
-0.137008
-0.190372
-0.264521
-0.367550
-0.510709
-0.709628
-0.986025
-0.000000
-0.000000
-0.000000
-0.000000
-0.000000
-0.000000
-0.000000
-0.000000
-0.055121
-0.076590
-0.106422
-0.147873
-0.205468
-0.285498
-0.396698
-0.551209
-0.077953
-0.108315
-0.150503
-0.209124
-0.290576
-0.403754
-0.561015
-0.779528
-0.095472
-0.132658
-0.184328
-0.256123
-0.355882
-0.494496
-0.687100
-0.954723
-0.000000
-0.000000
-0.000000
-0.000000
-0.000000
-0.000000
-0.000000
-0.000000
-0.054892
-0.076272
-0.105979
-0.147257
-0.204613
-0.284309
-0.395046
-0.548915
-0.077628
-0.107864
-0.149877
-0.208253
-0.289367
-0.402074
-0.558680
-0.776283
-0.095075
-0.132106
-0.183561
-0.255057
-0.354401
-0.492438
-0.684241
-0.950749
-0.000000
-0.000000
-0.000000
-0.000000
-0.000000
-0.000000
-0.000000
-0.000000
-0.056222
-0.078120
-0.108548
-0.150826
-0.209573
-0.291200
-0.404621
-0.562219
-0.079510
-0.110479
-0.153509
-0.213301
-0.296380
-0.411819
-0.572221
-0.795098
-0.097379
-0.135308
-0.188010
-0.261239
-0.362990
-0.504373
-0.700825
-0.973793
-0.000000
-0.000000
-0.000000
-0.000000
-0.000000
-0.000000
-0.000000
-0.000000
-0.040276
-0.055964
-0.077761
-0.108049
-0.150134
-0.208610
-0.289863
-0.402763
-0.056959
-0.079145
-0.109971
-0.152804
-0.212321
-0.295019
-0.409928
-0.569593
-0.069761
-0.096932
-0.134687
-0.187146
-0.260039
-0.361323
-0.502057
-0.697606
-0.000000
-0.000000
-0.000000
-0.000000
-0.000000
-0.000000
-0.000000
-0.000000
-0.046200
-0.064194
-0.089197
-0.123939
-0.172213
-0.239290
-0.332492
-0.461996
-0.065336
-0.090784
-0.126144
-0.175277
-0.243546
-0.338407
-0.470214
-0.653361
-0.080020
-0.111187
-0.154495
-0.214669
-0.298282
-0.414462
-0.575893
-0.800200
-0.000000
-0.000000
-0.000000
-0.000000
-0.000000
-0.000000
-0.000000
-0.000000
-0.032445
-0.045083
-0.062642
-0.087041
-0.120943
-0.168050
-0.233505
-0.324454
-0.045885
-0.063757
-0.088589
-0.123095
-0.171039
-0.237658
-0.330225
-0.458847
-0.056197
-0.078085
-0.108499
-0.150759
-0.209480
-0.291071
-0.404442
-0.561970
-0.000000
-0.000000
-0.000000
-0.000000
-0.000000
-0.000000
-0.000000
-0.000000
-0.054548
-0.075795
-0.105316
-0.146337
-0.203334
-0.282532
-0.392577
-0.545484
-0.077143
-0.107190
-0.148940
-0.206951
-0.287558
-0.399561
-0.555188
-0.771431
-0.094481
-0.131280
-0.182413
-0.253463
-0.352185
-0.489360
-0.679963
-0.944806
-0.000000
-0.000000
-0.000000
-0.000000
-0.000000
-0.000000
-0.000000
-0.000000
-0.048813
-0.067826
-0.094244
-0.130952
-0.181957
-0.252828
-0.351303
-0.488134
-0.069033
-0.095920
-0.133281
-0.185193
-0.257325
-0.357552
-0.496818
-0.690326
-0.084547
-0.117478
-0.163235
-0.226815
-0.315158
-0.437911
-0.608475
-0.845473
-0.000000
-0.000000
-0.000000
-0.000000
-0.000000
-0.000000
-0.000000
-0.000000
-0.053864
-0.074843
-0.103995
-0.144500
-0.200782
-0.278986
-0.387650
-0.538638
-0.076175
-0.105845
-0.147071
-0.204354
-0.283949
-0.394546
-0.548220
-0.761749
-0.093295
-0.129633
-0.180124
-0.250281
-0.347765
-0.483218
-0.671429
-0.932948
-0.000000
-0.000000
-0.000000
-0.000000
-0.000000
-0.000000
-0.000000
-0.000000
-0.019170
-0.026636
-0.037011
-0.051426
-0.071457
-0.099289
-0.137961
-0.191697
-0.027110
-0.037669
-0.052341
-0.072728
-0.101055
-0.140416
-0.195107
-0.271100
-0.033203
-0.046135
-0.064105
-0.089073
-0.123767
-0.171973
-0.238956
-0.332028
-0.000000
-0.000000
-0.000000
-0.000000
-0.000000
-0.000000
-0.000000
-0.000000
-0.039090
-0.054315
-0.075471
-0.104866
-0.145711
-0.202465
-0.281324
-0.390899
-0.055281
-0.076813
-0.106732
-0.148303
-0.206067
-0.286329
-0.397853
-0.552815
-0.067706
-0.094077
-0.130719
-0.181634
-0.252379
-0.350680
-0.487268
-0.677057
-0.000000
-0.000000
-0.000000
-0.000000
-0.000000
-0.000000
-0.000000
-0.000000
-0.057709
-0.080187
-0.111419
-0.154817
-0.215117
-0.298904
-0.415326
-0.577094
-0.081613
-0.113401
-0.157571
-0.218944
-0.304221
-0.422714
-0.587360
-0.816134
-0.099956
-0.138888
-0.192984
-0.268150
-0.372594
-0.517717
-0.719366
-0.999556
-0.000000
-0.000000
-0.000000
-0.000000
-0.000000
-0.000000
-0.000000
-0.000000
-0.053683
-0.074593
-0.103646
-0.144016
-0.200110
-0.278052
-0.386352
-0.536834
-0.075920
-0.105490
-0.146578
-0.203670
-0.282998
-0.393225
-0.546384
-0.759198
-0.092982
-0.129199
-0.179521
-0.249444
-0.346601
-0.481600
-0.669181
-0.929824
##END
