##TITLE= zc
##JCAMP-DX= 5.00 Bruker JCAMP library
##DATA TYPE= Shape Data
##ORIGIN= Bruker Analytik GmbH
##OWNER= <nmrsu>
##DATE= xx
##TIME= xx
##MINX= 0
##MAXX= 1
##MINY= 0
##MAXY= 1
##$SHAPE_EXMODE= gradient
##$SHAPE_TOTROT= 0
##$SHAPE_BWFAC= 0
##$SHAPE_INTEGFAC= 0
##$SHAPE_MODE= 0
##NPOINTS=544
##XYDATA= (X++(Y..Y))
-0.094327
-0.131067
-0.182117
-0.253050
-0.351613
-0.488564
-0.678857
-0.943269
-0.077018
-0.107016
-0.148698
-0.206615
-0.287090
-0.398911
-0.554285
-0.770176
-0.054460
-0.075671
-0.105145
-0.146099
-0.203004
-0.282073
-0.391939
-0.544597
-0.000000
-0.000000
-0.000000
-0.000000
-0.000000
-0.000000
-0.000000
-0.000000
-0.046783
-0.065005
-0.090324
-0.125504
-0.174388
-0.242311
-0.336690
-0.467829
-0.038198
-0.053076
-0.073749
-0.102474
-0.142387
-0.197846
-0.274906
-0.381981
-0.027010
-0.037530
-0.052148
-0.072460
-0.100683
-0.139898
-0.194388
-0.270101
-0.000000
-0.000000
-0.000000
-0.000000
-0.000000
-0.000000
-0.000000
-0.000000
0.082950
0.115259
0.160152
0.222531
0.309205
0.429639
0.596982
0.829504
0.067729
0.094109
0.130764
0.181695
0.252465
0.350799
0.487434
0.677287
0.047891
0.066545
0.092464
0.128478
0.178520
0.248052
0.344668
0.478914
0.000000
0.000000
0.000000
0.000000
0.000000
0.000000
0.000000
0.000000
-0.016659
-0.023148
-0.032164
-0.044692
-0.062100
-0.086287
-0.119896
-0.166595
-0.013602
-0.018900
-0.026262
-0.036491
-0.050704
-0.070453
-0.097895
-0.136024
-0.009618
-0.013365
-0.018570
-0.025803
-0.035853
-0.049818
-0.069222
-0.096184
-0.000000
-0.000000
-0.000000
-0.000000
-0.000000
-0.000000
-0.000000
-0.000000
0.029750
0.041337
0.057438
0.079809
0.110895
0.154088
0.214104
0.297497
0.024291
0.033752
0.046898
0.065164
0.090545
0.125812
0.174815
0.242905
0.017176
0.023866
0.033162
0.046078
0.064025
0.088963
0.123613
0.171760
0.000000
0.000000
0.000000
0.000000
0.000000
0.000000
0.000000
0.000000
-0.030996
-0.043069
-0.059844
-0.083153
-0.115541
-0.160544
-0.223075
-0.309961
-0.025308
-0.035166
-0.048863
-0.067894
-0.094339
-0.131083
-0.182140
-0.253082
-0.017896
-0.024866
-0.034551
-0.048009
-0.066708
-0.092690
-0.128792
-0.178956
-0.000000
-0.000000
-0.000000
-0.000000
-0.000000
-0.000000
-0.000000
-0.000000
0.022744
0.031602
0.043911
0.061015
0.084780
0.117801
0.163684
0.227438
0.018570
0.025803
0.035853
0.049818
0.069222
0.096184
0.133647
0.185702
0.013131
0.018246
0.025352
0.035227
0.048948
0.068012
0.094503
0.131311
0.000000
0.000000
0.000000
0.000000
0.000000
0.000000
0.000000
0.000000
0.071648
0.099555
0.138331
0.192210
0.267075
0.371100
0.515642
0.716482
0.058501
0.081286
0.112947
0.156939
0.218066
0.303002
0.421020
0.585005
0.041366
0.057478
0.079865
0.110973
0.154196
0.214255
0.297706
0.413661
0.000000
0.000000
0.000000
0.000000
0.000000
0.000000
0.000000
0.000000
0.059973
0.083333
0.115790
0.160890
0.223556
0.310630
0.431619
0.599733
0.048968
0.068041
0.094542
0.131366
0.182533
0.253628
0.352415
0.489680
0.034626
0.048112
0.066852
0.092890
0.129070
0.179342
0.249195
0.346256
0.000000
0.000000
0.000000
0.000000
0.000000
0.000000
0.000000
0.000000
-0.082716
-0.114933
-0.159699
-0.221901
-0.308331
-0.428424
-0.595293
-0.827158
-0.067537
-0.093843
-0.130394
-0.181182
-0.251751
-0.349807
-0.486055
-0.675371
-0.047756
-0.066357
-0.092202
-0.128115
-0.178015
-0.247351
-0.343693
-0.477560
-0.000000
-0.000000
-0.000000
-0.000000
-0.000000
-0.000000
-0.000000
-0.000000
-0.032763
-0.045524
-0.063256
-0.087893
-0.122127
-0.169695
-0.235791
-0.327631
-0.026751
-0.037170
-0.051648
-0.071765
-0.099717
-0.138556
-0.192523
-0.267509
-0.018916
-0.026283
-0.036521
-0.050745
-0.070510
-0.097974
-0.136134
-0.189158
-0.000000
-0.000000
-0.000000
-0.000000
-0.000000
-0.000000
-0.000000
-0.000000
-0.053402
-0.074202
-0.103103
-0.143261
-0.199060
-0.276593
-0.384325
-0.534018
-0.043602
-0.060585
-0.084183
-0.116972
-0.162532
-0.225838
-0.313800
-0.436024
-0.030832
-0.042840
-0.059526
-0.082712
-0.114928
-0.159691
-0.221890
-0.308316
-0.000000
-0.000000
-0.000000
-0.000000
-0.000000
-0.000000
-0.000000
-0.000000
0.036001
0.050024
0.069507
0.096580
0.134198
0.186467
0.259096
0.360012
0.029395
0.040844
0.056753
0.078857
0.109572
0.152250
0.211551
0.293949
0.020785
0.028881
0.040130
0.055761
0.077479
0.107657
0.149589
0.207853
0.000000
0.000000
0.000000
0.000000
0.000000
0.000000
0.000000
0.000000
0.094327
0.131067
0.182117
0.253050
0.351613
0.488564
0.678857
0.943269
0.077018
0.107016
0.148698
0.206615
0.287090
0.398911
0.554285
0.770176
0.054460
0.075671
0.105145
0.146099
0.203004
0.282073
0.391939
0.544597
0.000000
0.000000
0.000000
0.000000
0.000000
0.000000
0.000000
0.000000
-0.073593
-0.102257
-0.142086
-0.197428
-0.274325
-0.381173
-0.529639
-0.735931
-0.060088
-0.083493
-0.116013
-0.161199
-0.223985
-0.311227
-0.432448
-0.600885
-0.042489
-0.059038
-0.082033
-0.113985
-0.158382
-0.220071
-0.305787
-0.424890
-0.000000
-0.000000
-0.000000
-0.000000
-0.000000
-0.000000
-0.000000
-0.000000
-0.002981
-0.004142
-0.005756
-0.007997
-0.011112
-0.015441
-0.021455
-0.029811
-0.002434
-0.003382
-0.004699
-0.006530
-0.009073
-0.012607
-0.017518
-0.024341
-0.001721
-0.002392
-0.003323
-0.004617
-0.006416
-0.008915
-0.012387
-0.017212
-0.000000
-0.000000
-0.000000
-0.000000
-0.000000
-0.000000
-0.000000
-0.000000
0.036800
0.051134
0.071050
0.098724
0.137177
0.190607
0.264847
0.368004
0.030047
0.041751
0.058012
0.080608
0.112005
0.155630
0.216247
0.300474
0.021247
0.029522
0.041021
0.056998
0.079199
0.110047
0.152910
0.212467
0.000000
0.000000
0.000000
0.000000
0.000000
0.000000
0.000000
0.000000
##END
