##TITLE= xa
##JCAMP-DX= 5.00 Bruker JCAMP library
##DATA TYPE= Shape Data
##ORIGIN= Bruker Analytik GmbH
##OWNER= <nmrsu>
##DATE= xx
##TIME= xx
##MINX= 0
##MAXX= 1
##MINY= 0
##MAXY= 1
##$SHAPE_EXMODE= gradient
##$SHAPE_TOTROT= 0
##$SHAPE_BWFAC= 0
##$SHAPE_INTEGFAC= 0
##$SHAPE_MODE= 0
##NPOINTS=480
##XYDATA= (X++(Y..Y))
-0.000000
-0.000000
-0.000000
-0.000000
-0.000000
-0.000000
-0.000000
-0.000000
-0.000596
-0.000930
-0.001449
-0.002259
-0.003521
-0.005488
-0.008555
-0.013335
-0.000843
-0.001315
-0.002049
-0.003194
-0.004979
-0.007761
-0.012098
-0.018859
-0.001033
-0.001610
-0.002510
-0.003912
-0.006098
-0.009506
-0.014817
-0.023097
0.000000
0.000000
0.000000
0.000000
0.000000
0.000000
0.000000
0.000000
0.002023
0.003153
0.004914
0.007660
0.011941
0.018613
0.029013
0.045225
0.002860
0.004458
0.006950
0.010833
0.016886
0.026322
0.041030
0.063957
0.003503
0.005461
0.008512
0.013268
0.020682
0.032238
0.050252
0.078331
0.000000
0.000000
0.000000
0.000000
0.000000
0.000000
0.000000
0.000000
0.019482
0.030368
0.047337
0.073787
0.115017
0.179286
0.279467
0.435627
0.027551
0.042947
0.066944
0.104351
0.162659
0.253549
0.395227
0.616069
0.033744
0.052599
0.081989
0.127803
0.199216
0.310533
0.484052
0.754528
0.000000
0.000000
0.000000
0.000000
0.000000
0.000000
0.000000
0.000000
0.002197
0.003425
0.005339
0.008323
0.012973
0.020223
0.031522
0.049136
0.003108
0.004844
0.007551
0.011770
0.018347
0.028599
0.044579
0.069489
0.003806
0.005933
0.009248
0.014415
0.022471
0.035026
0.054598
0.085107
-0.000000
-0.000000
-0.000000
-0.000000
-0.000000
-0.000000
-0.000000
-0.000000
-0.014868
-0.023176
-0.036126
-0.056312
-0.087778
-0.136827
-0.213282
-0.332459
-0.021027
-0.032776
-0.051090
-0.079638
-0.124138
-0.193502
-0.301627
-0.470169
-0.025752
-0.040142
-0.062572
-0.097536
-0.152037
-0.236991
-0.369416
-0.575837
0.000000
0.000000
0.000000
0.000000
0.000000
0.000000
0.000000
0.000000
0.002430
0.003789
0.005906
0.009205
0.014349
0.022367
0.034865
0.054347
0.003437
0.005358
0.008352
0.013018
0.020293
0.031632
0.049307
0.076859
0.004210
0.006562
0.010229
0.015944
0.024854
0.038741
0.060389
0.094132
-0.000000
-0.000000
-0.000000
-0.000000
-0.000000
-0.000000
-0.000000
-0.000000
-0.017822
-0.027780
-0.043303
-0.067500
-0.105217
-0.164010
-0.255655
-0.398509
-0.025204
-0.039287
-0.061240
-0.095459
-0.148800
-0.231945
-0.361551
-0.563576
-0.030868
-0.048117
-0.075003
-0.116913
-0.182242
-0.284074
-0.442807
-0.690237
0.000000
0.000000
0.000000
0.000000
0.000000
0.000000
0.000000
0.000000
0.021895
0.034129
0.053200
0.082927
0.129264
0.201493
0.314083
0.489585
0.030964
0.048266
0.075236
0.117276
0.182807
0.284955
0.444180
0.692377
0.037923
0.059114
0.092145
0.143633
0.223892
0.348997
0.544007
0.847985
0.000000
0.000000
0.000000
0.000000
0.000000
0.000000
0.000000
0.000000
0.008423
0.013130
0.020467
0.031903
0.049729
0.077517
0.120832
0.188350
0.011912
0.018569
0.028944
0.045118
0.070328
0.109626
0.170882
0.266367
0.014589
0.022742
0.035449
0.055257
0.086134
0.134264
0.209287
0.326231
0.000000
0.000000
0.000000
0.000000
0.000000
0.000000
0.000000
0.000000
0.000009
0.000014
0.000022
0.000034
0.000053
0.000083
0.000129
0.000201
0.000013
0.000020
0.000031
0.000048
0.000075
0.000117
0.000182
0.000284
0.000016
0.000024
0.000038
0.000059
0.000092
0.000143
0.000223
0.000347
-0.000000
-0.000000
-0.000000
-0.000000
-0.000000
-0.000000
-0.000000
-0.000000
-0.006558
-0.010222
-0.015934
-0.024838
-0.038716
-0.060350
-0.094072
-0.146637
-0.009274
-0.014456
-0.022534
-0.035126
-0.054753
-0.085348
-0.133038
-0.207376
-0.011358
-0.017705
-0.027599
-0.043020
-0.067059
-0.104529
-0.162938
-0.253983
-0.000000
-0.000000
-0.000000
-0.000000
-0.000000
-0.000000
-0.000000
-0.000000
-0.009664
-0.015064
-0.023481
-0.036601
-0.057053
-0.088932
-0.138626
-0.216086
-0.013667
-0.021303
-0.033207
-0.051762
-0.080685
-0.125769
-0.196046
-0.305592
-0.016738
-0.026091
-0.040670
-0.063395
-0.098818
-0.154036
-0.240107
-0.374273
-0.000000
-0.000000
-0.000000
-0.000000
-0.000000
-0.000000
-0.000000
-0.000000
-0.007313
-0.011399
-0.017769
-0.027698
-0.043175
-0.067300
-0.104906
-0.163525
-0.010342
-0.016121
-0.025129
-0.039171
-0.061059
-0.095177
-0.148360
-0.231259
-0.012667
-0.019744
-0.030777
-0.047975
-0.074782
-0.116568
-0.181703
-0.283234
-0.000000
-0.000000
-0.000000
-0.000000
-0.000000
-0.000000
-0.000000
-0.000000
-0.004543
-0.007082
-0.011040
-0.017208
-0.026824
-0.041813
-0.065176
-0.101595
-0.006425
-0.010016
-0.015612
-0.024336
-0.037935
-0.059132
-0.092173
-0.143678
-0.007870
-0.012267
-0.019121
-0.029806
-0.046461
-0.072422
-0.112889
-0.175968
0.000000
0.000000
0.000000
0.000000
0.000000
0.000000
0.000000
0.000000
0.010545
0.016437
0.025621
0.039938
0.062254
0.097041
0.151265
0.235787
0.014913
0.023245
0.036234
0.056481
0.088041
0.137236
0.213920
0.333454
0.018264
0.028470
0.044378
0.069175
0.107828
0.168079
0.261998
0.408396
##END
