##TITLE= xb
##JCAMP-DX= 5.00 Bruker JCAMP library
##DATA TYPE= Shape Data
##ORIGIN= Bruker Analytik GmbH
##OWNER= <nmrsu>
##DATE= xx
##TIME= xx
##MINX= 0
##MAXX= 1
##MINY= 0
##MAXY= 1
##$SHAPE_EXMODE= gradient
##$SHAPE_TOTROT= 0
##$SHAPE_BWFAC= 0
##$SHAPE_INTEGFAC= 0
##$SHAPE_MODE= 0
##NPOINTS=480
##XYDATA= (X++(Y..Y))
-0.000000
-0.000000
-0.000000
-0.000000
-0.000000
-0.000000
-0.000000
-0.000000
-0.025780
-0.040185
-0.062640
-0.097641
-0.152201
-0.237247
-0.369815
-0.576458
-0.036458
-0.056830
-0.088586
-0.138086
-0.215245
-0.335518
-0.522997
-0.815235
-0.044652
-0.069603
-0.108495
-0.169120
-0.263620
-0.410924
-0.640538
-0.998455
-0.000000
-0.000000
-0.000000
-0.000000
-0.000000
-0.000000
-0.000000
-0.000000
-0.015953
-0.024867
-0.038762
-0.060422
-0.094184
-0.146812
-0.228846
-0.356720
-0.022561
-0.035167
-0.054818
-0.085449
-0.133196
-0.207623
-0.323638
-0.504478
-0.027631
-0.043071
-0.067138
-0.104654
-0.163131
-0.254285
-0.396374
-0.617857
-0.000000
-0.000000
-0.000000
-0.000000
-0.000000
-0.000000
-0.000000
-0.000000
-0.013395
-0.020879
-0.032546
-0.050733
-0.079081
-0.123269
-0.192149
-0.299517
-0.018943
-0.029528
-0.046028
-0.071747
-0.111837
-0.174329
-0.271739
-0.423580
-0.023200
-0.036164
-0.056372
-0.087871
-0.136972
-0.213508
-0.332811
-0.518778
-0.000000
-0.000000
-0.000000
-0.000000
-0.000000
-0.000000
-0.000000
-0.000000
-0.025264
-0.039380
-0.061385
-0.095685
-0.149152
-0.232494
-0.362407
-0.564911
-0.035728
-0.055692
-0.086811
-0.135319
-0.210933
-0.328797
-0.512520
-0.798904
-0.043758
-0.068209
-0.106322
-0.165732
-0.258339
-0.402692
-0.627707
-0.978454
-0.000000
-0.000000
-0.000000
-0.000000
-0.000000
-0.000000
-0.000000
-0.000000
-0.017311
-0.026985
-0.042063
-0.065567
-0.102203
-0.159312
-0.248332
-0.387094
-0.024482
-0.038162
-0.059486
-0.092725
-0.144538
-0.225302
-0.351195
-0.547434
-0.029984
-0.046739
-0.072855
-0.113565
-0.177022
-0.275937
-0.430124
-0.670466
-0.000000
-0.000000
-0.000000
-0.000000
-0.000000
-0.000000
-0.000000
-0.000000
-0.010059
-0.015679
-0.024441
-0.038098
-0.059386
-0.092569
-0.144294
-0.224922
-0.014225
-0.022174
-0.034564
-0.053878
-0.083984
-0.130912
-0.204063
-0.318088
-0.017422
-0.027158
-0.042333
-0.065987
-0.102859
-0.160334
-0.249925
-0.389577
-0.000000
-0.000000
-0.000000
-0.000000
-0.000000
-0.000000
-0.000000
-0.000000
-0.011641
-0.018145
-0.028285
-0.044089
-0.068725
-0.107128
-0.166988
-0.260296
-0.016463
-0.025661
-0.040000
-0.062352
-0.097192
-0.151501
-0.236156
-0.368115
-0.020162
-0.031429
-0.048990
-0.076365
-0.119036
-0.185550
-0.289231
-0.450847
-0.000000
-0.000000
-0.000000
-0.000000
-0.000000
-0.000000
-0.000000
-0.000000
-0.007175
-0.011185
-0.017435
-0.027177
-0.042362
-0.066033
-0.102931
-0.160446
-0.010147
-0.015818
-0.024656
-0.038433
-0.059909
-0.093385
-0.145566
-0.226904
-0.012428
-0.019373
-0.030197
-0.047071
-0.073373
-0.114372
-0.178281
-0.277900
0.000000
0.000000
0.000000
0.000000
0.000000
0.000000
0.000000
0.000000
0.019131
0.029821
0.046484
0.072458
0.112945
0.176056
0.274432
0.427778
0.027055
0.042173
0.065738
0.102470
0.159728
0.248981
0.388105
0.604969
0.033136
0.051651
0.080512
0.125500
0.195627
0.304938
0.475330
0.740932
0.000000
0.000000
0.000000
0.000000
0.000000
0.000000
0.000000
0.000000
0.025595
0.039896
0.062190
0.096939
0.151107
0.235542
0.367157
0.572315
0.036196
0.056422
0.087949
0.137093
0.213697
0.333106
0.519238
0.809375
0.044331
0.069103
0.107715
0.167904
0.261725
0.407970
0.635934
0.991278
0.000000
0.000000
0.000000
0.000000
0.000000
0.000000
0.000000
0.000000
0.012368
0.019279
0.030051
0.046843
0.073017
0.113817
0.177416
0.276551
0.017491
0.027264
0.042498
0.066245
0.103262
0.160962
0.250904
0.391102
0.021422
0.033391
0.052050
0.081134
0.126469
0.197137
0.307293
0.479001
0.000000
0.000000
0.000000
0.000000
0.000000
0.000000
0.000000
0.000000
0.022871
0.035651
0.055572
0.086624
0.135028
0.210478
0.328088
0.511416
0.032345
0.050418
0.078591
0.122505
0.190958
0.297661
0.463987
0.723251
0.039614
0.061749
0.096254
0.150038
0.233875
0.364559
0.568265
0.885798
0.000000
0.000000
0.000000
0.000000
0.000000
0.000000
0.000000
0.000000
0.005942
0.009263
0.014439
0.022506
0.035082
0.054686
0.085243
0.132874
0.008404
0.013099
0.020419
0.031829
0.049614
0.077337
0.120551
0.187912
0.010292
0.016044
0.025008
0.038982
0.060764
0.094718
0.147644
0.230145
0.000000
0.000000
0.000000
0.000000
0.000000
0.000000
0.000000
0.000000
0.025202
0.039284
0.061235
0.095452
0.148789
0.231928
0.361524
0.563534
0.035641
0.055556
0.086600
0.134990
0.210419
0.327996
0.511272
0.796958
0.043651
0.068042
0.106063
0.165328
0.257709
0.401711
0.626177
0.976070
0.000000
0.000000
0.000000
0.000000
0.000000
0.000000
0.000000
0.000000
0.013873
0.021626
0.033709
0.052545
0.081906
0.127674
0.199015
0.310219
0.019620
0.030583
0.047672
0.074310
0.115833
0.180558
0.281449
0.438716
0.024029
0.037457
0.058386
0.091011
0.141866
0.221137
0.344704
0.537316
##END
