##TITLE= za
##JCAMP-DX= 5.00 Bruker JCAMP library
##DATA TYPE= Shape Data
##ORIGIN= Bruker Analytik GmbH
##OWNER= <nmrsu>
##DATE= xx
##TIME= xx
##MINX= 0
##MAXX= 1
##MINY= 0
##MAXY= 1
##$SHAPE_EXMODE= gradient
##$SHAPE_TOTROT= 0
##$SHAPE_BWFAC= 0
##$SHAPE_INTEGFAC= 0
##$SHAPE_MODE= 0
##NPOINTS=480
##XYDATA= (X++(Y..Y))
-0.000000
-0.000000
-0.000000
-0.000000
-0.000000
-0.000000
-0.000000
-0.000000
-0.023484
-0.036606
-0.057061
-0.088945
-0.138645
-0.216116
-0.336876
-0.525114
-0.033211
-0.051769
-0.080696
-0.125787
-0.196073
-0.305634
-0.476415
-0.742624
-0.040675
-0.063403
-0.098832
-0.154057
-0.240140
-0.374324
-0.583487
-0.909525
-0.000000
-0.000000
-0.000000
-0.000000
-0.000000
-0.000000
-0.000000
-0.000000
-0.025691
-0.040047
-0.062425
-0.097306
-0.151678
-0.236432
-0.368545
-0.574478
-0.036333
-0.056635
-0.088282
-0.137611
-0.214505
-0.334365
-0.521201
-0.812435
-0.044499
-0.069364
-0.108123
-0.168539
-0.262714
-0.409512
-0.638338
-0.995025
-0.000000
-0.000000
-0.000000
-0.000000
-0.000000
-0.000000
-0.000000
-0.000000
-0.012139
-0.018923
-0.029496
-0.045978
-0.071669
-0.111716
-0.174140
-0.271446
-0.017168
-0.026761
-0.041714
-0.065022
-0.101355
-0.157990
-0.246271
-0.383882
-0.021026
-0.032775
-0.051089
-0.079636
-0.124135
-0.193498
-0.301620
-0.470157
-0.000000
-0.000000
-0.000000
-0.000000
-0.000000
-0.000000
-0.000000
-0.000000
-0.023524
-0.036669
-0.057159
-0.089098
-0.138883
-0.216488
-0.337456
-0.526018
-0.033268
-0.051858
-0.080835
-0.126003
-0.196411
-0.306160
-0.477235
-0.743902
-0.040745
-0.063513
-0.099002
-0.154322
-0.240553
-0.374968
-0.584491
-0.911091
-0.000000
-0.000000
-0.000000
-0.000000
-0.000000
-0.000000
-0.000000
-0.000000
-0.016282
-0.025379
-0.039561
-0.061666
-0.096124
-0.149835
-0.233559
-0.364066
-0.023026
-0.035892
-0.055947
-0.087209
-0.135939
-0.211899
-0.330303
-0.514868
-0.028200
-0.043958
-0.068521
-0.106809
-0.166491
-0.259522
-0.404536
-0.630581
-0.000000
-0.000000
-0.000000
-0.000000
-0.000000
-0.000000
-0.000000
-0.000000
-0.025685
-0.040037
-0.062408
-0.097280
-0.151638
-0.236370
-0.368447
-0.574327
-0.036324
-0.056620
-0.088258
-0.137575
-0.214449
-0.334277
-0.521063
-0.812221
-0.044487
-0.069345
-0.108094
-0.168494
-0.262645
-0.409404
-0.638170
-0.994763
-0.000000
-0.000000
-0.000000
-0.000000
-0.000000
-0.000000
-0.000000
-0.000000
-0.016371
-0.025519
-0.039779
-0.062006
-0.096653
-0.150661
-0.234846
-0.366073
-0.023152
-0.036089
-0.056255
-0.087690
-0.136688
-0.213066
-0.332123
-0.517705
-0.028356
-0.044200
-0.068899
-0.107397
-0.167408
-0.260952
-0.406766
-0.634056
-0.000000
-0.000000
-0.000000
-0.000000
-0.000000
-0.000000
-0.000000
-0.000000
-0.012131
-0.018909
-0.029476
-0.045946
-0.071619
-0.111638
-0.174019
-0.271256
-0.017156
-0.026742
-0.041685
-0.064977
-0.101285
-0.157880
-0.246100
-0.383614
-0.021011
-0.032752
-0.051053
-0.079580
-0.124048
-0.193363
-0.301409
-0.469829
-0.000000
-0.000000
-0.000000
-0.000000
-0.000000
-0.000000
-0.000000
-0.000000
-0.022569
-0.035180
-0.054837
-0.085479
-0.133243
-0.207696
-0.323751
-0.504655
-0.031917
-0.049752
-0.077552
-0.120886
-0.188434
-0.293726
-0.457853
-0.713690
-0.039090
-0.060933
-0.094981
-0.148054
-0.230783
-0.359740
-0.560753
-0.874088
-0.000000
-0.000000
-0.000000
-0.000000
-0.000000
-0.000000
-0.000000
-0.000000
-0.025820
-0.040247
-0.062736
-0.097792
-0.152436
-0.237613
-0.370386
-0.577348
-0.036515
-0.056918
-0.088723
-0.138299
-0.215577
-0.336036
-0.523805
-0.816494
-0.044721
-0.069710
-0.108663
-0.169381
-0.264027
-0.411558
-0.641527
-0.999997
-0.000000
-0.000000
-0.000000
-0.000000
-0.000000
-0.000000
-0.000000
-0.000000
-0.024716
-0.038526
-0.060053
-0.093610
-0.145916
-0.227451
-0.354545
-0.552656
-0.034953
-0.054484
-0.084928
-0.132384
-0.206357
-0.321664
-0.501402
-0.781573
-0.042809
-0.066729
-0.104015
-0.162137
-0.252734
-0.393956
-0.614089
-0.957228
-0.000000
-0.000000
-0.000000
-0.000000
-0.000000
-0.000000
-0.000000
-0.000000
-0.015266
-0.023796
-0.037092
-0.057818
-0.090126
-0.140486
-0.218986
-0.341350
-0.021589
-0.033652
-0.052456
-0.081768
-0.127457
-0.198677
-0.309693
-0.482742
-0.026441
-0.041215
-0.064246
-0.100144
-0.156103
-0.243329
-0.379295
-0.591236
-0.000000
-0.000000
-0.000000
-0.000000
-0.000000
-0.000000
-0.000000
-0.000000
-0.024702
-0.038505
-0.060021
-0.093559
-0.145837
-0.227328
-0.354353
-0.552356
-0.034934
-0.054454
-0.084882
-0.132312
-0.206245
-0.321490
-0.501130
-0.781150
-0.042785
-0.066693
-0.103959
-0.162049
-0.252598
-0.393743
-0.613757
-0.956709
-0.000000
-0.000000
-0.000000
-0.000000
-0.000000
-0.000000
-0.000000
-0.000000
-0.015170
-0.023646
-0.036859
-0.057455
-0.089560
-0.139604
-0.217612
-0.339208
-0.021453
-0.033441
-0.052127
-0.081254
-0.126657
-0.197430
-0.307749
-0.479712
-0.026275
-0.040957
-0.063842
-0.099516
-0.155123
-0.241802
-0.376914
-0.587525
-0.000000
-0.000000
-0.000000
-0.000000
-0.000000
-0.000000
-0.000000
-0.000000
-0.022591
-0.035214
-0.054891
-0.085562
-0.133372
-0.207897
-0.324065
-0.505145
-0.031948
-0.049800
-0.077627
-0.121003
-0.188617
-0.294011
-0.458298
-0.714383
-0.039128
-0.060992
-0.095073
-0.148198
-0.231008
-0.360089
-0.561298
-0.874937
##END
