##TITLE= zc
##JCAMP-DX= 5.00 Bruker JCAMP library
##DATA TYPE= Shape Data
##ORIGIN= Bruker Analytik GmbH
##OWNER= <nmrsu>
##DATE= xx
##TIME= xx
##MINX= 0
##MAXX= 1
##MINY= 0
##MAXY= 1
##$SHAPE_EXMODE= gradient
##$SHAPE_TOTROT= 0
##$SHAPE_BWFAC= 0
##$SHAPE_INTEGFAC= 0
##$SHAPE_MODE= 0
##NPOINTS=480
##XYDATA= (X++(Y..Y))
0.018588
0.028975
0.045166
0.070403
0.109743
0.171065
0.266652
0.415650
0.015177
0.023658
0.036878
0.057484
0.089605
0.139674
0.217720
0.339377
0.010732
0.016729
0.026077
0.040647
0.063360
0.098764
0.153951
0.239976
0.000000
0.000000
0.000000
0.000000
0.000000
0.000000
0.000000
0.000000
0.004455
0.006945
0.010825
0.016874
0.026303
0.041000
0.063910
0.099621
0.003638
0.005670
0.008839
0.013778
0.021476
0.033476
0.052182
0.081341
0.002572
0.004010
0.006250
0.009742
0.015186
0.023671
0.036898
0.057516
0.000000
0.000000
0.000000
0.000000
0.000000
0.000000
0.000000
0.000000
0.039470
0.061525
0.095904
0.149493
0.233026
0.363235
0.566202
0.882583
0.032227
0.050235
0.078305
0.122061
0.190265
0.296580
0.462302
0.720626
0.022788
0.035522
0.055370
0.086310
0.134538
0.209714
0.326897
0.509559
0.000000
0.000000
0.000000
0.000000
0.000000
0.000000
0.000000
0.000000
-0.018434
-0.028735
-0.044792
-0.069820
-0.108834
-0.169647
-0.264442
-0.412206
-0.015052
-0.023462
-0.036572
-0.057008
-0.088862
-0.138517
-0.215916
-0.336565
-0.010643
-0.016590
-0.025860
-0.040311
-0.062835
-0.097946
-0.152676
-0.237987
-0.000000
-0.000000
-0.000000
-0.000000
-0.000000
-0.000000
-0.000000
-0.000000
-0.034709
-0.054104
-0.084336
-0.131461
-0.204918
-0.319421
-0.497906
-0.776123
-0.028340
-0.044176
-0.068860
-0.107337
-0.167315
-0.260806
-0.406538
-0.633702
-0.020039
-0.031237
-0.048691
-0.075899
-0.118309
-0.184418
-0.287466
-0.448095
-0.000000
-0.000000
-0.000000
-0.000000
-0.000000
-0.000000
-0.000000
-0.000000
-0.004571
-0.007125
-0.011106
-0.017312
-0.026986
-0.042064
-0.065569
-0.102207
-0.003732
-0.005817
-0.009068
-0.014135
-0.022034
-0.034345
-0.053537
-0.083452
-0.002639
-0.004114
-0.006412
-0.009995
-0.015580
-0.024286
-0.037856
-0.059009
-0.000000
-0.000000
-0.000000
-0.000000
-0.000000
-0.000000
-0.000000
-0.000000
0.034582
0.053906
0.084028
0.130980
0.204169
0.318254
0.496086
0.773287
0.028236
0.044014
0.068608
0.106945
0.166703
0.259853
0.405053
0.631386
0.019966
0.031123
0.048513
0.075622
0.117877
0.183744
0.286415
0.446457
0.000000
0.000000
0.000000
0.000000
0.000000
0.000000
0.000000
0.000000
-0.039478
-0.061537
-0.095923
-0.149523
-0.233072
-0.363307
-0.566315
-0.882757
-0.032234
-0.050245
-0.078321
-0.122085
-0.190303
-0.296639
-0.462394
-0.720768
-0.022793
-0.035529
-0.055381
-0.086327
-0.134564
-0.209756
-0.326962
-0.509660
-0.000000
-0.000000
-0.000000
-0.000000
-0.000000
-0.000000
-0.000000
-0.000000
-0.021724
-0.033863
-0.052785
-0.082280
-0.128256
-0.199922
-0.311634
-0.485767
-0.017738
-0.027649
-0.043099
-0.067181
-0.104720
-0.163236
-0.254448
-0.396627
-0.012542
-0.019551
-0.030475
-0.047504
-0.074049
-0.115425
-0.179922
-0.280458
-0.000000
-0.000000
-0.000000
-0.000000
-0.000000
-0.000000
-0.000000
-0.000000
0.000118
0.000184
0.000286
0.000446
0.000696
0.001085
0.001691
0.002636
0.000096
0.000150
0.000234
0.000365
0.000568
0.000886
0.001381
0.002152
0.000068
0.000106
0.000165
0.000258
0.000402
0.000626
0.000976
0.001522
0.000000
0.000000
0.000000
0.000000
0.000000
0.000000
0.000000
0.000000
0.012939
0.020170
0.031440
0.049008
0.076393
0.119079
0.185617
0.289336
0.010565
0.016469
0.025671
0.040015
0.062374
0.097228
0.151556
0.236242
0.007471
0.011645
0.018152
0.028295
0.044105
0.068750
0.107166
0.167048
0.000000
0.000000
0.000000
0.000000
0.000000
0.000000
0.000000
0.000000
-0.036068
-0.056221
-0.087637
-0.136606
-0.212938
-0.331922
-0.517392
-0.806498
-0.029449
-0.045905
-0.071555
-0.111538
-0.173863
-0.271013
-0.422449
-0.658503
-0.020824
-0.032459
-0.050597
-0.078869
-0.122940
-0.191635
-0.298717
-0.465632
-0.000000
-0.000000
-0.000000
-0.000000
-0.000000
-0.000000
-0.000000
-0.000000
-0.013016
-0.020289
-0.031626
-0.049298
-0.076844
-0.119783
-0.186715
-0.291046
-0.010628
-0.016566
-0.025823
-0.040252
-0.062743
-0.097802
-0.152452
-0.237638
-0.007515
-0.011714
-0.018259
-0.028462
-0.044366
-0.069157
-0.107800
-0.168036
-0.000000
-0.000000
-0.000000
-0.000000
-0.000000
-0.000000
-0.000000
-0.000000
0.036189
0.056410
0.087931
0.137064
0.213653
0.333037
0.519129
0.809206
0.029548
0.046059
0.071795
0.111913
0.174447
0.271923
0.423867
0.660714
0.020894
0.032568
0.050767
0.079134
0.123352
0.192279
0.299719
0.467195
0.000000
0.000000
0.000000
0.000000
0.000000
0.000000
0.000000
0.000000
0.021656
0.033756
0.052619
0.082021
0.127852
0.199292
0.310652
0.484236
0.017682
0.027562
0.042963
0.066970
0.104391
0.162721
0.253646
0.395377
0.012503
0.019489
0.030379
0.047355
0.073815
0.115061
0.179355
0.279574
0.000000
0.000000
0.000000
0.000000
0.000000
0.000000
0.000000
0.000000
##END
