##TITLE= xb
##JCAMP-DX= 5.00 Bruker JCAMP library
##DATA TYPE= Shape Data
##ORIGIN= Bruker Analytik GmbH
##OWNER= <nmrsu>
##DATE= xx
##TIME= xx
##MINX= 0
##MAXX= 1
##MINY= 0
##MAXY= 1
##$SHAPE_EXMODE= gradient
##$SHAPE_TOTROT= 0
##$SHAPE_BWFAC= 0
##$SHAPE_INTEGFAC= 0
##$SHAPE_MODE= 0
##NPOINTS=544
##XYDATA= (X++(Y..Y))
-0.000000
-0.000000
-0.000000
-0.000000
-0.000000
-0.000000
-0.000000
-0.000000
-0.057113
-0.079359
-0.110268
-0.153217
-0.212895
-0.295817
-0.411036
-0.571132
-0.080770
-0.112230
-0.155943
-0.216682
-0.301079
-0.418348
-0.581292
-0.807703
-0.098923
-0.137453
-0.190990
-0.265380
-0.368745
-0.512369
-0.711935
-0.989230
-0.000000
-0.000000
-0.000000
-0.000000
-0.000000
-0.000000
-0.000000
-0.000000
-0.029727
-0.041306
-0.057395
-0.079750
-0.110812
-0.153972
-0.213944
-0.297274
-0.042041
-0.058416
-0.081168
-0.112783
-0.156711
-0.217750
-0.302562
-0.420409
-0.051489
-0.071544
-0.099410
-0.138130
-0.191932
-0.266688
-0.370562
-0.514894
-0.000000
-0.000000
-0.000000
-0.000000
-0.000000
-0.000000
-0.000000
-0.000000
-0.057297
-0.079613
-0.110622
-0.153709
-0.213578
-0.296766
-0.412355
-0.572965
-0.081030
-0.112590
-0.156443
-0.217378
-0.302045
-0.419690
-0.583158
-0.810295
-0.099240
-0.137894
-0.191603
-0.266232
-0.369928
-0.514014
-0.714219
-0.992405
0.000000
0.000000
0.000000
0.000000
0.000000
0.000000
0.000000
0.000000
0.019945
0.027713
0.038507
0.053506
0.074346
0.103303
0.143540
0.199448
0.028206
0.039192
0.054458
0.075668
0.105141
0.146093
0.202996
0.282061
0.034545
0.048001
0.066697
0.092675
0.128771
0.178927
0.248618
0.345453
-0.000000
-0.000000
-0.000000
-0.000000
-0.000000
-0.000000
-0.000000
-0.000000
-0.046693
-0.064880
-0.090151
-0.125264
-0.174054
-0.241847
-0.336045
-0.466933
-0.066034
-0.091754
-0.127492
-0.177150
-0.246149
-0.342023
-0.475240
-0.660343
-0.080875
-0.112376
-0.156146
-0.216964
-0.301470
-0.418891
-0.582047
-0.808752
-0.000000
-0.000000
-0.000000
-0.000000
-0.000000
-0.000000
-0.000000
-0.000000
-0.057732
-0.080219
-0.111463
-0.154878
-0.215202
-0.299022
-0.415490
-0.577321
-0.081646
-0.113446
-0.157633
-0.219030
-0.304342
-0.422881
-0.587591
-0.816456
-0.099995
-0.138943
-0.193060
-0.268256
-0.372741
-0.517922
-0.719650
-0.999950
-0.000000
-0.000000
-0.000000
-0.000000
-0.000000
-0.000000
-0.000000
-0.000000
-0.044298
-0.061551
-0.085525
-0.118837
-0.165123
-0.229438
-0.318803
-0.442975
-0.062646
-0.087047
-0.120951
-0.168061
-0.233520
-0.324474
-0.450856
-0.626462
-0.076726
-0.106610
-0.148134
-0.205831
-0.286002
-0.397398
-0.552183
-0.767256
-0.000000
-0.000000
-0.000000
-0.000000
-0.000000
-0.000000
-0.000000
-0.000000
-0.003625
-0.005036
-0.006998
-0.009723
-0.013511
-0.018773
-0.026085
-0.036245
-0.005126
-0.007122
-0.009896
-0.013751
-0.019107
-0.026549
-0.036890
-0.051258
-0.006278
-0.008723
-0.012121
-0.016841
-0.023401
-0.032516
-0.045181
-0.062778
-0.000000
-0.000000
-0.000000
-0.000000
-0.000000
-0.000000
-0.000000
-0.000000
-0.000869
-0.001208
-0.001678
-0.002332
-0.003240
-0.004502
-0.006255
-0.008691
-0.001229
-0.001708
-0.002373
-0.003297
-0.004582
-0.006366
-0.008846
-0.012291
-0.001505
-0.002092
-0.002906
-0.004038
-0.005611
-0.007797
-0.010834
-0.015053
0.000000
0.000000
0.000000
0.000000
0.000000
0.000000
0.000000
0.000000
0.041278
0.057356
0.079695
0.110736
0.153867
0.213798
0.297072
0.412780
0.058376
0.081113
0.112706
0.156605
0.217601
0.302356
0.420123
0.583759
0.071496
0.099343
0.138036
0.191801
0.266506
0.370309
0.514543
0.714955
0.000000
0.000000
0.000000
0.000000
0.000000
0.000000
0.000000
0.000000
0.057728
0.080213
0.111455
0.154867
0.215187
0.299001
0.415460
0.577280
0.081640
0.113438
0.157622
0.219015
0.304320
0.422851
0.587550
0.816398
0.099988
0.138933
0.193046
0.268237
0.372714
0.517885
0.719598
0.999879
-0.000000
-0.000000
-0.000000
-0.000000
-0.000000
-0.000000
-0.000000
-0.000000
-0.027741
-0.038546
-0.053559
-0.074420
-0.103407
-0.143683
-0.199647
-0.277409
-0.039232
-0.054512
-0.075744
-0.105246
-0.146239
-0.203199
-0.282344
-0.392315
-0.048049
-0.066763
-0.092767
-0.128900
-0.179106
-0.248867
-0.345799
-0.480486
0.000000
0.000000
0.000000
0.000000
0.000000
0.000000
0.000000
0.000000
0.050402
0.070034
0.097312
0.135214
0.187879
0.261057
0.362738
0.504023
0.071280
0.099043
0.137619
0.191221
0.265701
0.369191
0.512989
0.712796
0.087299
0.121302
0.168549
0.234197
0.325416
0.452165
0.628281
0.872993
0.000000
0.000000
0.000000
0.000000
0.000000
0.000000
0.000000
0.000000
0.057113
0.079359
0.110268
0.153217
0.212895
0.295817
0.411036
0.571132
0.080770
0.112230
0.155943
0.216682
0.301079
0.418348
0.581292
0.807703
0.098923
0.137453
0.190990
0.265380
0.368745
0.512369
0.711935
0.989230
0.000000
0.000000
0.000000
0.000000
0.000000
0.000000
0.000000
0.000000
0.035198
0.048908
0.067957
0.094426
0.131205
0.182308
0.253317
0.351982
0.049778
0.069166
0.096106
0.133539
0.185551
0.257823
0.358244
0.497778
0.060965
0.084711
0.117705
0.163551
0.227253
0.315767
0.438757
0.609651
0.000000
0.000000
0.000000
0.000000
0.000000
0.000000
0.000000
0.000000
0.013355
0.018556
0.025784
0.035826
0.049780
0.069170
0.096111
0.133546
0.018886
0.026242
0.036464
0.050666
0.070400
0.097821
0.135921
0.188862
0.023131
0.032140
0.044659
0.062053
0.086222
0.119805
0.166469
0.231308
0.000000
0.000000
0.000000
0.000000
0.000000
0.000000
0.000000
0.000000
0.049469
0.068737
0.095510
0.132710
0.184400
0.256223
0.356021
0.494690
0.069960
0.097209
0.135071
0.187681
0.260781
0.362355
0.503490
0.699597
0.085683
0.119056
0.165428
0.229861
0.319391
0.443792
0.616647
0.856828
##END
