##TITLE= yb
##JCAMP-DX= 5.00 Bruker JCAMP library
##DATA TYPE= Shape Data
##ORIGIN= Bruker Analytik GmbH
##OWNER= <nmrsu>
##DATE= xx
##TIME= xx
##MINX= 0
##MAXX= 1
##MINY= 0
##MAXY= 1
##$SHAPE_EXMODE= gradient
##$SHAPE_TOTROT= 0
##$SHAPE_BWFAC= 0
##$SHAPE_INTEGFAC= 0
##$SHAPE_MODE= 0
##NPOINTS=544
##XYDATA= (X++(Y..Y))
0.000000
0.000000
0.000000
0.000000
0.000000
0.000000
0.000000
0.000000
0.008451
0.011742
0.016316
0.022670
0.031500
0.043770
0.060818
0.084506
0.011951
0.016606
0.023074
0.032061
0.044548
0.061900
0.086009
0.119510
0.014637
0.020338
0.028259
0.039266
0.054560
0.075811
0.105340
0.146369
0.000000
0.000000
0.000000
0.000000
0.000000
0.000000
0.000000
0.000000
0.049494
0.068771
0.095557
0.132776
0.184492
0.256351
0.356198
0.494936
0.069994
0.097257
0.135138
0.187774
0.260911
0.362535
0.503740
0.699945
0.085725
0.119115
0.165510
0.229975
0.319549
0.444013
0.616953
0.857254
-0.000000
-0.000000
-0.000000
-0.000000
-0.000000
-0.000000
-0.000000
-0.000000
-0.007102
-0.009869
-0.013712
-0.019053
-0.026475
-0.036786
-0.051114
-0.071023
-0.010044
-0.013956
-0.019392
-0.026946
-0.037441
-0.052024
-0.072287
-0.100442
-0.012302
-0.017093
-0.023751
-0.033001
-0.045855
-0.063716
-0.088533
-0.123016
-0.000000
-0.000000
-0.000000
-0.000000
-0.000000
-0.000000
-0.000000
-0.000000
-0.054181
-0.075284
-0.104606
-0.145350
-0.201963
-0.280627
-0.389930
-0.541806
-0.076623
-0.106467
-0.147936
-0.205556
-0.285619
-0.396867
-0.551445
-0.766230
-0.093844
-0.130395
-0.181184
-0.251754
-0.349811
-0.486061
-0.675379
-0.938436
0.000000
0.000000
0.000000
0.000000
0.000000
0.000000
0.000000
0.000000
0.033957
0.047183
0.065560
0.091096
0.126577
0.175879
0.244383
0.339569
0.048022
0.066727
0.092716
0.128829
0.179007
0.248730
0.345609
0.480222
0.058815
0.081723
0.113554
0.157783
0.219238
0.304631
0.423283
0.588150
-0.000000
-0.000000
-0.000000
-0.000000
-0.000000
-0.000000
-0.000000
-0.000000
-0.000578
-0.000802
-0.001115
-0.001549
-0.002153
-0.002991
-0.004156
-0.005775
-0.000817
-0.001135
-0.001577
-0.002191
-0.003044
-0.004230
-0.005878
-0.008167
-0.001000
-0.001390
-0.001931
-0.002683
-0.003729
-0.005181
-0.007199
-0.010003
-0.000000
-0.000000
-0.000000
-0.000000
-0.000000
-0.000000
-0.000000
-0.000000
-0.037028
-0.051450
-0.071490
-0.099334
-0.138025
-0.191785
-0.266484
-0.370278
-0.052365
-0.072761
-0.101102
-0.140480
-0.195196
-0.271225
-0.376865
-0.523653
-0.064134
-0.089114
-0.123824
-0.172052
-0.239066
-0.332181
-0.461564
-0.641341
0.000000
0.000000
0.000000
0.000000
0.000000
0.000000
0.000000
0.000000
0.057621
0.080064
0.111249
0.154580
0.214788
0.298447
0.414691
0.576211
0.081489
0.113228
0.157330
0.218609
0.303756
0.422068
0.586462
0.814886
0.099803
0.138675
0.192689
0.267740
0.372024
0.516926
0.718266
0.998028
-0.000000
-0.000000
-0.000000
-0.000000
-0.000000
-0.000000
-0.000000
-0.000000
-0.057728
-0.080213
-0.111456
-0.154868
-0.215188
-0.299003
-0.415464
-0.577285
-0.081640
-0.113439
-0.157623
-0.219016
-0.304322
-0.422854
-0.587554
-0.816404
-0.099989
-0.138934
-0.193048
-0.268239
-0.372717
-0.517889
-0.719604
-0.999887
-0.000000
-0.000000
-0.000000
-0.000000
-0.000000
-0.000000
-0.000000
-0.000000
-0.040367
-0.056089
-0.077936
-0.108291
-0.150470
-0.209078
-0.290513
-0.403666
-0.057087
-0.079322
-0.110218
-0.153147
-0.212797
-0.295681
-0.410847
-0.570870
-0.069917
-0.097149
-0.134989
-0.187566
-0.260622
-0.362133
-0.503183
-0.699170
0.000000
0.000000
0.000000
0.000000
0.000000
0.000000
0.000000
0.000000
0.000899
0.001249
0.001736
0.002412
0.003351
0.004656
0.006470
0.008989
0.001271
0.001766
0.002454
0.003410
0.004739
0.006585
0.009149
0.012713
0.001557
0.002163
0.003006
0.004177
0.005804
0.008064
0.011206
0.015570
-0.000000
-0.000000
-0.000000
-0.000000
-0.000000
-0.000000
-0.000000
-0.000000
-0.050634
-0.070355
-0.097758
-0.135835
-0.188742
-0.262256
-0.364404
-0.506337
-0.071607
-0.099498
-0.138251
-0.192100
-0.266922
-0.370886
-0.515345
-0.716069
-0.087700
-0.121859
-0.169323
-0.235273
-0.326911
-0.454241
-0.631166
-0.877002
-0.000000
-0.000000
-0.000000
-0.000000
-0.000000
-0.000000
-0.000000
-0.000000
-0.028159
-0.039127
-0.054367
-0.075543
-0.104966
-0.145850
-0.202658
-0.281593
-0.039823
-0.055334
-0.076887
-0.106834
-0.148445
-0.206263
-0.286602
-0.398232
-0.048773
-0.067770
-0.094166
-0.130844
-0.181807
-0.252620
-0.351014
-0.487733
-0.000000
-0.000000
-0.000000
-0.000000
-0.000000
-0.000000
-0.000000
-0.000000
-0.008451
-0.011742
-0.016316
-0.022670
-0.031500
-0.043770
-0.060818
-0.084506
-0.011951
-0.016606
-0.023074
-0.032061
-0.044548
-0.061900
-0.086009
-0.119510
-0.014637
-0.020338
-0.028259
-0.039266
-0.054560
-0.075811
-0.105340
-0.146369
0.000000
0.000000
0.000000
0.000000
0.000000
0.000000
0.000000
0.000000
0.045765
0.063590
0.088358
0.122773
0.170593
0.237038
0.329363
0.457648
0.064721
0.089930
0.124957
0.173627
0.241254
0.335222
0.465789
0.647212
0.079267
0.110141
0.153041
0.212649
0.295475
0.410561
0.570473
0.792670
0.000000
0.000000
0.000000
0.000000
0.000000
0.000000
0.000000
0.000000
0.056169
0.078047
0.108446
0.150685
0.209376
0.290927
0.404242
0.561693
0.079435
0.110375
0.153366
0.213101
0.296103
0.411433
0.571685
0.794354
0.097288
0.135181
0.187834
0.260994
0.362650
0.503901
0.700168
0.972881
0.000000
0.000000
0.000000
0.000000
0.000000
0.000000
0.000000
0.000000
0.029768
0.041363
0.057474
0.079859
0.110964
0.154184
0.214238
0.297683
0.042099
0.058496
0.081280
0.112938
0.156927
0.218049
0.302979
0.420987
0.051560
0.071643
0.099547
0.138320
0.192196
0.267055
0.371071
0.515602
##END
