##TITLE= ya
##JCAMP-DX= 5.00 Bruker JCAMP library
##DATA TYPE= Shape Data
##ORIGIN= Bruker Analytik GmbH
##OWNER= <nmrsu>
##DATE= xx
##TIME= xx
##MINX= 0
##MAXX= 1
##MINY= 0
##MAXY= 1
##$SHAPE_EXMODE= gradient
##$SHAPE_TOTROT= 0
##$SHAPE_BWFAC= 0
##$SHAPE_INTEGFAC= 0
##$SHAPE_MODE= 0
##NPOINTS=480
##XYDATA= (X++(Y..Y))
0.000000
0.000000
0.000000
0.000000
0.000000
0.000000
0.000000
0.000000
0.010715
0.016703
0.026036
0.040585
0.063262
0.098612
0.153714
0.239605
0.015154
0.023622
0.036821
0.057395
0.089466
0.139458
0.217384
0.338853
0.018560
0.028930
0.045096
0.070295
0.109574
0.170801
0.266240
0.415008
0.000000
0.000000
0.000000
0.000000
0.000000
0.000000
0.000000
0.000000
0.001589
0.002477
0.003862
0.006019
0.009383
0.014626
0.022798
0.035537
0.002248
0.003503
0.005461
0.008513
0.013269
0.020684
0.032241
0.050257
0.002753
0.004291
0.006688
0.010426
0.016251
0.025332
0.039487
0.061552
0.000000
0.000000
0.000000
0.000000
0.000000
0.000000
0.000000
0.000000
0.011822
0.018428
0.028725
0.044776
0.069795
0.108795
0.169587
0.264348
0.016719
0.026061
0.040623
0.063322
0.098705
0.153859
0.239832
0.373845
0.020476
0.031918
0.049753
0.077554
0.120889
0.188439
0.293733
0.457864
-0.000000
-0.000000
-0.000000
-0.000000
-0.000000
-0.000000
-0.000000
-0.000000
-0.010414
-0.016233
-0.025303
-0.039442
-0.061481
-0.095836
-0.149386
-0.232860
-0.014727
-0.022957
-0.035784
-0.055780
-0.086948
-0.135532
-0.211264
-0.329313
-0.018037
-0.028116
-0.043827
-0.068316
-0.106489
-0.165992
-0.258745
-0.403325
-0.000000
-0.000000
-0.000000
-0.000000
-0.000000
-0.000000
-0.000000
-0.000000
-0.013436
-0.020943
-0.032646
-0.050888
-0.079322
-0.123646
-0.192736
-0.300433
-0.019001
-0.029618
-0.046168
-0.071966
-0.112179
-0.174862
-0.272570
-0.424876
-0.023271
-0.036275
-0.056544
-0.088140
-0.137391
-0.214161
-0.333829
-0.520364
-0.000000
-0.000000
-0.000000
-0.000000
-0.000000
-0.000000
-0.000000
-0.000000
-0.001028
-0.001603
-0.002498
-0.003894
-0.006070
-0.009461
-0.014748
-0.022989
-0.001454
-0.002266
-0.003533
-0.005507
-0.008584
-0.013380
-0.020857
-0.032511
-0.001781
-0.002776
-0.004327
-0.006744
-0.010513
-0.016387
-0.025544
-0.039818
0.000000
0.000000
0.000000
0.000000
0.000000
0.000000
0.000000
0.000000
0.009002
0.014032
0.021872
0.034094
0.053144
0.082840
0.129129
0.201284
0.012730
0.019844
0.030932
0.048216
0.075158
0.117154
0.182617
0.284658
0.015591
0.024303
0.037884
0.059052
0.092049
0.143484
0.223659
0.348634
-0.000000
-0.000000
-0.000000
-0.000000
-0.000000
-0.000000
-0.000000
-0.000000
-0.006334
-0.009873
-0.015390
-0.023990
-0.037395
-0.058291
-0.090863
-0.141635
-0.008958
-0.013963
-0.021765
-0.033927
-0.052885
-0.082436
-0.128499
-0.200302
-0.010971
-0.017101
-0.026657
-0.041552
-0.064771
-0.100963
-0.157379
-0.245318
0.000000
0.000000
0.000000
0.000000
0.000000
0.000000
0.000000
0.000000
0.009293
0.014486
0.022580
0.035197
0.054865
0.085522
0.133310
0.207800
0.013142
0.020486
0.031933
0.049777
0.077591
0.120947
0.188529
0.293874
0.016096
0.025090
0.039110
0.060964
0.095029
0.148129
0.230899
0.359920
-0.000000
-0.000000
-0.000000
-0.000000
-0.000000
-0.000000
-0.000000
-0.000000
-0.000067
-0.000105
-0.000164
-0.000256
-0.000398
-0.000621
-0.000968
-0.001509
-0.000095
-0.000149
-0.000232
-0.000361
-0.000563
-0.000878
-0.001369
-0.002133
-0.000117
-0.000182
-0.000284
-0.000443
-0.000690
-0.001075
-0.001676
-0.002613
-0.000000
-0.000000
-0.000000
-0.000000
-0.000000
-0.000000
-0.000000
-0.000000
-0.003578
-0.005578
-0.008695
-0.013553
-0.021126
-0.032931
-0.051333
-0.080016
-0.005061
-0.007888
-0.012296
-0.019167
-0.029877
-0.046572
-0.072595
-0.113160
-0.006198
-0.009661
-0.015060
-0.023475
-0.036592
-0.057039
-0.088911
-0.138592
0.000000
0.000000
0.000000
0.000000
0.000000
0.000000
0.000000
0.000000
0.018446
0.028753
0.044819
0.069862
0.108900
0.169750
0.264603
0.412456
0.026086
0.040662
0.063383
0.098800
0.154007
0.240063
0.374204
0.583301
0.031949
0.049801
0.077628
0.121005
0.188620
0.294016
0.458305
0.714395
0.000000
0.000000
0.000000
0.000000
0.000000
0.000000
0.000000
0.000000
0.001729
0.002696
0.004202
0.006550
0.010211
0.015916
0.024810
0.038673
0.002446
0.003813
0.005943
0.009264
0.014440
0.022509
0.035086
0.054691
0.002996
0.004669
0.007279
0.011346
0.017685
0.027567
0.042971
0.066983
-0.000000
-0.000000
-0.000000
-0.000000
-0.000000
-0.000000
-0.000000
-0.000000
-0.020394
-0.031789
-0.049552
-0.077240
-0.120401
-0.187677
-0.292547
-0.456015
-0.028841
-0.044957
-0.070077
-0.109235
-0.170272
-0.265416
-0.413724
-0.644903
-0.035323
-0.055060
-0.085827
-0.133784
-0.208540
-0.325067
-0.506706
-0.789841
-0.000000
-0.000000
-0.000000
-0.000000
-0.000000
-0.000000
-0.000000
-0.000000
-0.006718
-0.010472
-0.016323
-0.025444
-0.039662
-0.061824
-0.096370
-0.150219
-0.009501
-0.014809
-0.023085
-0.035984
-0.056091
-0.087433
-0.136288
-0.212442
-0.011636
-0.018138
-0.028273
-0.044071
-0.068697
-0.107083
-0.166918
-0.260188
##END
