##TITLE= yb
##JCAMP-DX= 5.00 Bruker JCAMP library
##DATA TYPE= Shape Data
##ORIGIN= Bruker Analytik GmbH
##OWNER= <nmrsu>
##DATE= xx
##TIME= xx
##MINX= 0
##MAXX= 1
##MINY= 0
##MAXY= 1
##$SHAPE_EXMODE= gradient
##$SHAPE_TOTROT= 0
##$SHAPE_BWFAC= 0
##$SHAPE_INTEGFAC= 0
##$SHAPE_MODE= 0
##NPOINTS=480
##XYDATA= (X++(Y..Y))
-0.000000
-0.000000
-0.000000
-0.000000
-0.000000
-0.000000
-0.000000
-0.000000
-0.001435
-0.002236
-0.003486
-0.005434
-0.008471
-0.013204
-0.020582
-0.032082
-0.002029
-0.003163
-0.004930
-0.007685
-0.011979
-0.018673
-0.029107
-0.045371
-0.002485
-0.003874
-0.006038
-0.009412
-0.014672
-0.022870
-0.035649
-0.055568
0.000000
0.000000
0.000000
0.000000
0.000000
0.000000
0.000000
0.000000
0.020302
0.031646
0.049329
0.076893
0.119859
0.186834
0.291232
0.453965
0.028711
0.044754
0.069762
0.108743
0.169507
0.264223
0.411864
0.642003
0.035164
0.054813
0.085441
0.133183
0.207602
0.323605
0.504428
0.786290
0.000000
0.000000
0.000000
0.000000
0.000000
0.000000
0.000000
0.000000
0.022074
0.034408
0.053634
0.083604
0.130319
0.203138
0.316647
0.493582
0.031217
0.048660
0.075850
0.118233
0.184299
0.287281
0.447807
0.698030
0.038233
0.059596
0.092897
0.144806
0.225720
0.351846
0.548449
0.854909
-0.000000
-0.000000
-0.000000
-0.000000
-0.000000
-0.000000
-0.000000
-0.000000
-0.005331
-0.008310
-0.012953
-0.020191
-0.031473
-0.049059
-0.076472
-0.119203
-0.007539
-0.011752
-0.018318
-0.028554
-0.044510
-0.069380
-0.108148
-0.168579
-0.009233
-0.014393
-0.022435
-0.034972
-0.054513
-0.084973
-0.132454
-0.206466
0.000000
0.000000
0.000000
0.000000
0.000000
0.000000
0.000000
0.000000
0.019157
0.029861
0.046547
0.072556
0.113099
0.176295
0.274805
0.428359
0.027092
0.042230
0.065827
0.102610
0.159946
0.249319
0.388633
0.605791
0.033181
0.051721
0.080621
0.125671
0.195893
0.305353
0.475976
0.741940
-0.000000
-0.000000
-0.000000
-0.000000
-0.000000
-0.000000
-0.000000
-0.000000
-0.023780
-0.037068
-0.057780
-0.090066
-0.140393
-0.218841
-0.341124
-0.531736
-0.033630
-0.052422
-0.081713
-0.127373
-0.198546
-0.309488
-0.482423
-0.751988
-0.041188
-0.064203
-0.100078
-0.155999
-0.243168
-0.379044
-0.590844
-0.920994
-0.000000
-0.000000
-0.000000
-0.000000
-0.000000
-0.000000
-0.000000
-0.000000
-0.023047
-0.035925
-0.055999
-0.087290
-0.136065
-0.212095
-0.330608
-0.515344
-0.032593
-0.050805
-0.079194
-0.123446
-0.192425
-0.299947
-0.467550
-0.728806
-0.039918
-0.062224
-0.096993
-0.151190
-0.235671
-0.367359
-0.572630
-0.892601
-0.000000
-0.000000
-0.000000
-0.000000
-0.000000
-0.000000
-0.000000
-0.000000
-0.024803
-0.038662
-0.060265
-0.093940
-0.146432
-0.228254
-0.355798
-0.554608
-0.035077
-0.054676
-0.085228
-0.132852
-0.207086
-0.322801
-0.503174
-0.784335
-0.042960
-0.066965
-0.104383
-0.162709
-0.253628
-0.395348
-0.616259
-0.960610
-0.000000
-0.000000
-0.000000
-0.000000
-0.000000
-0.000000
-0.000000
-0.000000
-0.017340
-0.027029
-0.042133
-0.065675
-0.102373
-0.159577
-0.248744
-0.387737
-0.024523
-0.038225
-0.059585
-0.092879
-0.144778
-0.225676
-0.351778
-0.548342
-0.030034
-0.046816
-0.072976
-0.113753
-0.177316
-0.276395
-0.430838
-0.671580
0.000000
0.000000
0.000000
0.000000
0.000000
0.000000
0.000000
0.000000
0.003403
0.005304
0.008268
0.012888
0.020089
0.031314
0.048811
0.076086
0.004812
0.007501
0.011692
0.018226
0.028410
0.044285
0.069030
0.107602
0.005894
0.009187
0.014320
0.022322
0.034795
0.054237
0.084544
0.131785
-0.000000
-0.000000
-0.000000
-0.000000
-0.000000
-0.000000
-0.000000
-0.000000
-0.022665
-0.035330
-0.055071
-0.085844
-0.133811
-0.208581
-0.325131
-0.506806
-0.032053
-0.049964
-0.077882
-0.121401
-0.189237
-0.294978
-0.459805
-0.716733
-0.039257
-0.061193
-0.095386
-0.148685
-0.231767
-0.361273
-0.563144
-0.877815
0.000000
0.000000
0.000000
0.000000
0.000000
0.000000
0.000000
0.000000
0.011982
0.018678
0.029114
0.045383
0.070741
0.110270
0.171886
0.267932
0.016945
0.026414
0.041174
0.064181
0.100043
0.155945
0.243083
0.378913
0.020754
0.032351
0.050427
0.078605
0.122528
0.190993
0.297715
0.464071
0.000000
0.000000
0.000000
0.000000
0.000000
0.000000
0.000000
0.000000
0.025127
0.039167
0.061053
0.095167
0.148344
0.231236
0.360445
0.561852
0.035535
0.055391
0.086341
0.134587
0.209791
0.327017
0.509746
0.794579
0.043521
0.067839
0.105746
0.164835
0.256940
0.400512
0.624308
0.973156
-0.000000
-0.000000
-0.000000
-0.000000
-0.000000
-0.000000
-0.000000
-0.000000
-0.005615
-0.008752
-0.013643
-0.021266
-0.033149
-0.051671
-0.080544
-0.125550
-0.007940
-0.012377
-0.019294
-0.030074
-0.046879
-0.073074
-0.113906
-0.177554
-0.009725
-0.015159
-0.023630
-0.036833
-0.057415
-0.089497
-0.139506
-0.217458
0.000000
0.000000
0.000000
0.000000
0.000000
0.000000
0.000000
0.000000
0.021776
0.033944
0.052911
0.082476
0.128562
0.200399
0.312378
0.486926
0.030796
0.048004
0.074827
0.116639
0.181814
0.283407
0.441769
0.688618
0.037717
0.058793
0.091644
0.142853
0.222676
0.347102
0.541054
0.843381
##END
