##TITLE= yc
##JCAMP-DX= 5.00 Bruker JCAMP library
##DATA TYPE= Shape Data
##ORIGIN= Bruker Analytik GmbH
##OWNER= <nmrsu>
##DATE= xx
##TIME= xx
##MINX= 0
##MAXX= 1
##MINY= 0
##MAXY= 1
##$SHAPE_EXMODE= gradient
##$SHAPE_TOTROT= 0
##$SHAPE_BWFAC= 0
##$SHAPE_INTEGFAC= 0
##$SHAPE_MODE= 0
##NPOINTS=480
##XYDATA= (X++(Y..Y))
0.040612
0.063305
0.098679
0.153818
0.239769
0.373745
0.582585
0.908119
0.033160
0.051689
0.080571
0.125592
0.195770
0.305162
0.475679
0.741476
0.023448
0.036549
0.056972
0.088807
0.138430
0.215782
0.336356
0.524303
0.000000
0.000000
0.000000
0.000000
0.000000
0.000000
0.000000
0.000000
0.027494
0.042857
0.066804
0.104133
0.162320
0.253020
0.394402
0.614784
0.022449
0.034993
0.054545
0.085024
0.132534
0.206590
0.322028
0.501969
0.015874
0.024743
0.038569
0.060121
0.093715
0.146081
0.227708
0.354946
0.000000
0.000000
0.000000
0.000000
0.000000
0.000000
0.000000
0.000000
0.010908
0.017003
0.026504
0.041313
0.064398
0.100382
0.156474
0.243907
0.008906
0.013883
0.021640
0.033732
0.052581
0.081962
0.127760
0.199149
0.006298
0.009817
0.015302
0.023852
0.037180
0.057956
0.090340
0.140820
0.000000
0.000000
0.000000
0.000000
0.000000
0.000000
0.000000
0.000000
0.039867
0.062144
0.096869
0.150997
0.235370
0.366889
0.571898
0.891460
0.032552
0.050741
0.079093
0.123288
0.192179
0.299564
0.466952
0.727874
0.023017
0.035879
0.055927
0.087178
0.135891
0.211823
0.330185
0.514685
0.000000
0.000000
0.000000
0.000000
0.000000
0.000000
0.000000
0.000000
0.018907
0.029472
0.045941
0.071612
0.111627
0.174001
0.271228
0.422784
0.015438
0.024064
0.037511
0.058471
0.091143
0.142071
0.221457
0.345201
0.010916
0.017016
0.026524
0.041345
0.064448
0.100459
0.156594
0.244094
0.000000
0.000000
0.000000
0.000000
0.000000
0.000000
0.000000
0.000000
0.017331
0.027015
0.042111
0.065642
0.102320
0.159495
0.248616
0.387537
0.014151
0.022058
0.034383
0.053596
0.083544
0.130227
0.202994
0.316422
0.010006
0.015597
0.024313
0.037898
0.059075
0.092084
0.143539
0.223744
0.000000
0.000000
0.000000
0.000000
0.000000
0.000000
0.000000
0.000000
0.012784
0.019928
0.031063
0.048420
0.075475
0.117649
0.183389
0.285862
0.010438
0.016271
0.025363
0.039535
0.061625
0.096060
0.149736
0.233405
0.007381
0.011505
0.017934
0.027955
0.043576
0.067925
0.105880
0.165043
0.000000
0.000000
0.000000
0.000000
0.000000
0.000000
0.000000
0.000000
0.005839
0.009102
0.014188
0.022115
0.034473
0.053736
0.083762
0.130566
0.004768
0.007432
0.011584
0.018057
0.028147
0.043875
0.068391
0.106606
0.003371
0.005255
0.008191
0.012768
0.019903
0.031024
0.048360
0.075382
0.000000
0.000000
0.000000
0.000000
0.000000
0.000000
0.000000
0.000000
-0.028963
-0.045147
-0.070375
-0.109698
-0.170995
-0.266543
-0.415480
-0.647641
-0.023648
-0.036863
-0.057461
-0.089568
-0.139617
-0.217631
-0.339238
-0.528796
-0.016722
-0.026066
-0.040631
-0.063334
-0.098724
-0.153889
-0.239878
-0.373915
-0.000000
-0.000000
-0.000000
-0.000000
-0.000000
-0.000000
-0.000000
-0.000000
-0.044331
-0.069102
-0.107715
-0.167904
-0.261724
-0.407969
-0.635932
-0.991275
-0.036196
-0.056422
-0.087949
-0.137093
-0.213697
-0.333105
-0.519236
-0.809373
-0.025595
-0.039896
-0.062189
-0.096939
-0.151106
-0.235541
-0.367155
-0.572313
-0.000000
-0.000000
-0.000000
-0.000000
-0.000000
-0.000000
-0.000000
-0.000000
-0.020505
-0.031963
-0.049823
-0.077664
-0.121060
-0.188705
-0.294149
-0.458513
-0.016743
-0.026098
-0.040681
-0.063412
-0.098845
-0.154077
-0.240172
-0.374374
-0.011839
-0.018454
-0.028766
-0.044839
-0.069894
-0.108949
-0.169827
-0.264722
-0.000000
-0.000000
-0.000000
-0.000000
-0.000000
-0.000000
-0.000000
-0.000000
-0.023421
-0.036509
-0.056909
-0.088708
-0.138275
-0.215540
-0.335979
-0.523716
-0.019123
-0.029809
-0.046466
-0.072430
-0.112901
-0.175988
-0.274326
-0.427612
-0.013522
-0.021078
-0.032856
-0.051215
-0.079833
-0.124442
-0.193978
-0.302368
-0.000000
-0.000000
-0.000000
-0.000000
-0.000000
-0.000000
-0.000000
-0.000000
-0.009847
-0.015349
-0.023926
-0.037295
-0.058134
-0.090618
-0.141253
-0.220181
-0.008040
-0.012532
-0.019535
-0.030451
-0.047466
-0.073989
-0.115332
-0.179777
-0.005685
-0.008862
-0.013813
-0.021532
-0.033564
-0.052318
-0.081552
-0.127122
-0.000000
-0.000000
-0.000000
-0.000000
-0.000000
-0.000000
-0.000000
-0.000000
-0.025646
-0.039977
-0.062315
-0.097134
-0.151411
-0.236015
-0.367895
-0.573465
-0.020940
-0.032641
-0.050880
-0.079310
-0.123626
-0.192706
-0.300385
-0.468232
-0.014807
-0.023080
-0.035977
-0.056081
-0.087417
-0.136263
-0.212404
-0.331090
-0.000000
-0.000000
-0.000000
-0.000000
-0.000000
-0.000000
-0.000000
-0.000000
-0.021024
-0.032772
-0.051084
-0.079629
-0.124124
-0.193481
-0.301594
-0.470117
-0.017166
-0.026758
-0.041710
-0.065017
-0.101347
-0.157977
-0.246250
-0.383849
-0.012138
-0.018921
-0.029494
-0.045974
-0.071663
-0.111707
-0.174125
-0.271422
-0.000000
-0.000000
-0.000000
-0.000000
-0.000000
-0.000000
-0.000000
-0.000000
##END
