##TITLE= Sinc2.1000
##JCAMP-DX= 5.00 Bruker JCAMP library
##DATA TYPE= Shape Data
##ORIGIN= Bruker BioSpin GmbH
##OWNER= <daniel>
##DATE= 2009/04/24
##TIME= 08:52:53
##$SHAPE_PARAMETERS= Type: Sinc ; Number of Cycles 2.0
##MINX= 3.898172E-15
##MAXX= 9.999934E01
##MINY= 0.000000E00
##MAXY= 1.800000E02
##$SHAPE_EXMODE= Universal
##$SHAPE_TOTROT= 9.000000E01
##$SHAPE_TYPE= Excitation
##$SHAPE_USER_DEF= 
##$SHAPE_REPHFAC= 
##$SHAPE_BWFAC= 3.690000E00
##$SHAPE_BWFAC50= 
##$SHAPE_INTEGFAC= 2.254805E-01
##$SHAPE_MODE= 0
##NPOINTS= 1000
##XYPOINTS= (XY..XY)
3.898172E-15, 1.800000E02
2.005965E-01, 1.800000E02
4.019676E-01, 1.800000E02
6.040862E-01, 1.800000E02
8.069248E-01, 1.800000E02
1.010456E00, 1.800000E02
1.214652E00, 1.800000E02
1.419484E00, 1.800000E02
1.624925E00, 1.800000E02
1.830945E00, 1.800000E02
2.037518E00, 1.800000E02
2.244613E00, 1.800000E02
2.452201E00, 1.800000E02
2.660255E00, 1.800000E02
2.868743E00, 1.800000E02
3.077638E00, 1.800000E02
3.286908E00, 1.800000E02
3.496525E00, 1.800000E02
3.706458E00, 1.800000E02
3.916677E00, 1.800000E02
4.127152E00, 1.800000E02
4.337852E00, 1.800000E02
4.548747E00, 1.800000E02
4.759806E00, 1.800000E02
4.970998E00, 1.800000E02
5.182292E00, 1.800000E02
5.393657E00, 1.800000E02
5.605061E00, 1.800000E02
5.816473E00, 1.800000E02
6.027861E00, 1.800000E02
6.239194E00, 1.800000E02
6.450440E00, 1.800000E02
6.661567E00, 1.800000E02
6.872543E00, 1.800000E02
7.083335E00, 1.800000E02
7.293912E00, 1.800000E02
7.504241E00, 1.800000E02
7.714290E00, 1.800000E02
7.924025E00, 1.800000E02
8.133415E00, 1.800000E02
8.342427E00, 1.800000E02
8.551027E00, 1.800000E02
8.759183E00, 1.800000E02
8.966862E00, 1.800000E02
9.174032E00, 1.800000E02
9.380658E00, 1.800000E02
9.586708E00, 1.800000E02
9.792148E00, 1.800000E02
9.996945E00, 1.800000E02
1.020107E01, 1.800000E02
1.040448E01, 1.800000E02
1.060715E01, 1.800000E02
1.080904E01, 1.800000E02
1.101012E01, 1.800000E02
1.121036E01, 1.800000E02
1.140973E01, 1.800000E02
1.160818E01, 1.800000E02
1.180569E01, 1.800000E02
1.200222E01, 1.800000E02
1.219774E01, 1.800000E02
1.239221E01, 1.800000E02
1.258561E01, 1.800000E02
1.277790E01, 1.800000E02
1.296903E01, 1.800000E02
1.315900E01, 1.800000E02
1.334774E01, 1.800000E02
1.353525E01, 1.800000E02
1.372147E01, 1.800000E02
1.390638E01, 1.800000E02
1.408994E01, 1.800000E02
1.427212E01, 1.800000E02
1.445289E01, 1.800000E02
1.463222E01, 1.800000E02
1.481006E01, 1.800000E02
1.498639E01, 1.800000E02
1.516118E01, 1.800000E02
1.533438E01, 1.800000E02
1.550598E01, 1.800000E02
1.567593E01, 1.800000E02
1.584420E01, 1.800000E02
1.601076E01, 1.800000E02
1.617557E01, 1.800000E02
1.633861E01, 1.800000E02
1.649985E01, 1.800000E02
1.665924E01, 1.800000E02
1.681675E01, 1.800000E02
1.697237E01, 1.800000E02
1.712604E01, 1.800000E02
1.727775E01, 1.800000E02
1.742745E01, 1.800000E02
1.757512E01, 1.800000E02
1.772073E01, 1.800000E02
1.786424E01, 1.800000E02
1.800562E01, 1.800000E02
1.814484E01, 1.800000E02
1.828188E01, 1.800000E02
1.841669E01, 1.800000E02
1.854925E01, 1.800000E02
1.867953E01, 1.800000E02
1.880750E01, 1.800000E02
1.893312E01, 1.800000E02
1.905638E01, 1.800000E02
1.917723E01, 1.800000E02
1.929564E01, 1.800000E02
1.941160E01, 1.800000E02
1.952506E01, 1.800000E02
1.963600E01, 1.800000E02
1.974440E01, 1.800000E02
1.985021E01, 1.800000E02
1.995342E01, 1.800000E02
2.005399E01, 1.800000E02
2.015190E01, 1.800000E02
2.024712E01, 1.800000E02
2.033962E01, 1.800000E02
2.042937E01, 1.800000E02
2.051635E01, 1.800000E02
2.060053E01, 1.800000E02
2.068187E01, 1.800000E02
2.076037E01, 1.800000E02
2.083598E01, 1.800000E02
2.090869E01, 1.800000E02
2.097846E01, 1.800000E02
2.104528E01, 1.800000E02
2.110911E01, 1.800000E02
2.116993E01, 1.800000E02
2.122772E01, 1.800000E02
2.128245E01, 1.800000E02
2.133409E01, 1.800000E02
2.138263E01, 1.800000E02
2.142804E01, 1.800000E02
2.147030E01, 1.800000E02
2.150938E01, 1.800000E02
2.154526E01, 1.800000E02
2.157791E01, 1.800000E02
2.160732E01, 1.800000E02
2.163347E01, 1.800000E02
2.165633E01, 1.800000E02
2.167587E01, 1.800000E02
2.169209E01, 1.800000E02
2.170495E01, 1.800000E02
2.171444E01, 1.800000E02
2.172054E01, 1.800000E02
2.172322E01, 1.800000E02
2.172248E01, 1.800000E02
2.171828E01, 1.800000E02
2.171062E01, 1.800000E02
2.169946E01, 1.800000E02
2.168480E01, 1.800000E02
2.166661E01, 1.800000E02
2.164489E01, 1.800000E02
2.161960E01, 1.800000E02
2.159074E01, 1.800000E02
2.155828E01, 1.800000E02
2.152222E01, 1.800000E02
2.148253E01, 1.800000E02
2.143921E01, 1.800000E02
2.139223E01, 1.800000E02
2.134158E01, 1.800000E02
2.128725E01, 1.800000E02
2.122922E01, 1.800000E02
2.116747E01, 1.800000E02
2.110201E01, 1.800000E02
2.103281E01, 1.800000E02
2.095986E01, 1.800000E02
2.088314E01, 1.800000E02
2.080266E01, 1.800000E02
2.071839E01, 1.800000E02
2.063033E01, 1.800000E02
2.053846E01, 1.800000E02
2.044277E01, 1.800000E02
2.034326E01, 1.800000E02
2.023992E01, 1.800000E02
2.013273E01, 1.800000E02
2.002169E01, 1.800000E02
1.990679E01, 1.800000E02
1.978802E01, 1.800000E02
1.966538E01, 1.800000E02
1.953885E01, 1.800000E02
1.940844E01, 1.800000E02
1.927413E01, 1.800000E02
1.913593E01, 1.800000E02
1.899381E01, 1.800000E02
1.884779E01, 1.800000E02
1.869786E01, 1.800000E02
1.854400E01, 1.800000E02
1.838622E01, 1.800000E02
1.822452E01, 1.800000E02
1.805889E01, 1.800000E02
1.788933E01, 1.800000E02
1.771584E01, 1.800000E02
1.753841E01, 1.800000E02
1.735706E01, 1.800000E02
1.717176E01, 1.800000E02
1.698253E01, 1.800000E02
1.678937E01, 1.800000E02
1.659227E01, 1.800000E02
1.639124E01, 1.800000E02
1.618628E01, 1.800000E02
1.597739E01, 1.800000E02
1.576457E01, 1.800000E02
1.554783E01, 1.800000E02
1.532716E01, 1.800000E02
1.510258E01, 1.800000E02
1.487409E01, 1.800000E02
1.464169E01, 1.800000E02
1.440539E01, 1.800000E02
1.416519E01, 1.800000E02
1.392110E01, 1.800000E02
1.367312E01, 1.800000E02
1.342127E01, 1.800000E02
1.316554E01, 1.800000E02
1.290595E01, 1.800000E02
1.264251E01, 1.800000E02
1.237522E01, 1.800000E02
1.210409E01, 1.800000E02
1.182914E01, 1.800000E02
1.155036E01, 1.800000E02
1.126778E01, 1.800000E02
1.098140E01, 1.800000E02
1.069124E01, 1.800000E02
1.039730E01, 1.800000E02
1.009960E01, 1.800000E02
9.798155E00, 1.800000E02
9.492970E00, 1.800000E02
9.184062E00, 1.800000E02
8.871444E00, 1.800000E02
8.555132E00, 1.800000E02
8.235139E00, 1.800000E02
7.911482E00, 1.800000E02
7.584175E00, 1.800000E02
7.253234E00, 1.800000E02
6.918676E00, 1.800000E02
6.580519E00, 1.800000E02
6.238778E00, 1.800000E02
5.893472E00, 1.800000E02
5.544619E00, 1.800000E02
5.192238E00, 1.800000E02
4.836347E00, 1.800000E02
4.476966E00, 1.800000E02
4.114115E00, 1.800000E02
3.747813E00, 1.800000E02
3.378083E00, 1.800000E02
3.004944E00, 1.800000E02
2.628418E00, 1.800000E02
2.248528E00, 1.800000E02
1.865294E00, 1.800000E02
1.478741E00, 1.800000E02
1.088892E00, 1.800000E02
6.957689E-01, 1.800000E02
2.993968E-01, 1.800000E02
1.002002E-01, 0.000000E00
5.029974E-01, 0.000000E00
9.089695E-01, 0.000000E00
1.318091E00, 0.000000E00
1.730336E00, 0.000000E00
2.145679E00, 0.000000E00
2.564092E00, 0.000000E00
2.985548E00, 0.000000E00
3.410021E00, 0.000000E00
3.837481E00, 0.000000E00
4.267902E00, 0.000000E00
4.701253E00, 0.000000E00
5.137507E00, 0.000000E00
5.576634E00, 0.000000E00
6.018604E00, 0.000000E00
6.463387E00, 0.000000E00
6.910953E00, 0.000000E00
7.361270E00, 0.000000E00
7.814309E00, 0.000000E00
8.270036E00, 0.000000E00
8.728421E00, 0.000000E00
9.189430E00, 0.000000E00
9.653032E00, 0.000000E00
1.011919E01, 0.000000E00
1.058788E01, 0.000000E00
1.105906E01, 0.000000E00
1.153270E01, 0.000000E00
1.200876E01, 0.000000E00
1.248722E01, 0.000000E00
1.296803E01, 0.000000E00
1.345115E01, 0.000000E00
1.393657E01, 0.000000E00
1.442423E01, 0.000000E00
1.491410E01, 0.000000E00
1.540615E01, 0.000000E00
1.590033E01, 0.000000E00
1.639662E01, 0.000000E00
1.689497E01, 0.000000E00
1.739535E01, 0.000000E00
1.789772E01, 0.000000E00
1.840204E01, 0.000000E00
1.890827E01, 0.000000E00
1.941638E01, 0.000000E00
1.992631E01, 0.000000E00
2.043805E01, 0.000000E00
2.095153E01, 0.000000E00
2.146674E01, 0.000000E00
2.198361E01, 0.000000E00
2.250213E01, 0.000000E00
2.302223E01, 0.000000E00
2.354389E01, 0.000000E00
2.406706E01, 0.000000E00
2.459170E01, 0.000000E00
2.511777E01, 0.000000E00
2.564523E01, 0.000000E00
2.617403E01, 0.000000E00
2.670414E01, 0.000000E00
2.723551E01, 0.000000E00
2.776809E01, 0.000000E00
2.830185E01, 0.000000E00
2.883674E01, 0.000000E00
2.937272E01, 0.000000E00
2.990974E01, 0.000000E00
3.044776E01, 0.000000E00
3.098674E01, 0.000000E00
3.152664E01, 0.000000E00
3.206740E01, 0.000000E00
3.260899E01, 0.000000E00
3.315136E01, 0.000000E00
3.369446E01, 0.000000E00
3.423825E01, 0.000000E00
3.478269E01, 0.000000E00
3.532773E01, 0.000000E00
3.587332E01, 0.000000E00
3.641942E01, 0.000000E00
3.696598E01, 0.000000E00
3.751296E01, 0.000000E00
3.806032E01, 0.000000E00
3.860800E01, 0.000000E00
3.915596E01, 0.000000E00
3.970415E01, 0.000000E00
4.025253E01, 0.000000E00
4.080105E01, 0.000000E00
4.134967E01, 0.000000E00
4.189833E01, 0.000000E00
4.244699E01, 0.000000E00
4.299561E01, 0.000000E00
4.354414E01, 0.000000E00
4.409252E01, 0.000000E00
4.464072E01, 0.000000E00
4.518868E01, 0.000000E00
4.573637E01, 0.000000E00
4.628372E01, 0.000000E00
4.683071E01, 0.000000E00
4.737726E01, 0.000000E00
4.792335E01, 0.000000E00
4.846892E01, 0.000000E00
4.901393E01, 0.000000E00
4.955833E01, 0.000000E00
5.010206E01, 0.000000E00
5.064509E01, 0.000000E00
5.118737E01, 0.000000E00
5.172884E01, 0.000000E00
5.226947E01, 0.000000E00
5.280920E01, 0.000000E00
5.334799E01, 0.000000E00
5.388578E01, 0.000000E00
5.442254E01, 0.000000E00
5.495821E01, 0.000000E00
5.549275E01, 0.000000E00
5.602611E01, 0.000000E00
5.655824E01, 0.000000E00
5.708910E01, 0.000000E00
5.761864E01, 0.000000E00
5.814681E01, 0.000000E00
5.867356E01, 0.000000E00
5.919886E01, 0.000000E00
5.972264E01, 0.000000E00
6.024487E01, 0.000000E00
6.076550E01, 0.000000E00
6.128448E01, 0.000000E00
6.180176E01, 0.000000E00
6.231730E01, 0.000000E00
6.283106E01, 0.000000E00
6.334298E01, 0.000000E00
6.385302E01, 0.000000E00
6.436114E01, 0.000000E00
6.486728E01, 0.000000E00
6.537141E01, 0.000000E00
6.587348E01, 0.000000E00
6.637344E01, 0.000000E00
6.687124E01, 0.000000E00
6.736685E01, 0.000000E00
6.786022E01, 0.000000E00
6.835130E01, 0.000000E00
6.884004E01, 0.000000E00
6.932642E01, 0.000000E00
6.981037E01, 0.000000E00
7.029185E01, 0.000000E00
7.077083E01, 0.000000E00
7.124726E01, 0.000000E00
7.172109E01, 0.000000E00
7.219229E01, 0.000000E00
7.266080E01, 0.000000E00
7.312659E01, 0.000000E00
7.358961E01, 0.000000E00
7.404982E01, 0.000000E00
7.450718E01, 0.000000E00
7.496165E01, 0.000000E00
7.541318E01, 0.000000E00
7.586174E01, 0.000000E00
7.630727E01, 0.000000E00
7.674975E01, 0.000000E00
7.718914E01, 0.000000E00
7.762538E01, 0.000000E00
7.805844E01, 0.000000E00
7.848828E01, 0.000000E00
7.891486E01, 0.000000E00
7.933814E01, 0.000000E00
7.975809E01, 0.000000E00
8.017466E01, 0.000000E00
8.058781E01, 0.000000E00
8.099751E01, 0.000000E00
8.140372E01, 0.000000E00
8.180640E01, 0.000000E00
8.220551E01, 0.000000E00
8.260102E01, 0.000000E00
8.299289E01, 0.000000E00
8.338109E01, 0.000000E00
8.376557E01, 0.000000E00
8.414630E01, 0.000000E00
8.452325E01, 0.000000E00
8.489638E01, 0.000000E00
8.526566E01, 0.000000E00
8.563104E01, 0.000000E00
8.599251E01, 0.000000E00
8.635002E01, 0.000000E00
8.670354E01, 0.000000E00
8.705304E01, 0.000000E00
8.739849E01, 0.000000E00
8.773985E01, 0.000000E00
8.807709E01, 0.000000E00
8.841017E01, 0.000000E00
8.873908E01, 0.000000E00
8.906378E01, 0.000000E00
8.938423E01, 0.000000E00
8.970041E01, 0.000000E00
9.001228E01, 0.000000E00
9.031983E01, 0.000000E00
9.062301E01, 0.000000E00
9.092181E01, 0.000000E00
9.121619E01, 0.000000E00
9.150612E01, 0.000000E00
9.179158E01, 0.000000E00
9.207254E01, 0.000000E00
9.234898E01, 0.000000E00
9.262087E01, 0.000000E00
9.288818E01, 0.000000E00
9.315088E01, 0.000000E00
9.340896E01, 0.000000E00
9.366239E01, 0.000000E00
9.391115E01, 0.000000E00
9.415521E01, 0.000000E00
9.439454E01, 0.000000E00
9.462913E01, 0.000000E00
9.485896E01, 0.000000E00
9.508400E01, 0.000000E00
9.530423E01, 0.000000E00
9.551963E01, 0.000000E00
9.573018E01, 0.000000E00
9.593585E01, 0.000000E00
9.613664E01, 0.000000E00
9.633253E01, 0.000000E00
9.652348E01, 0.000000E00
9.670949E01, 0.000000E00
9.689054E01, 0.000000E00
9.706661E01, 0.000000E00
9.723768E01, 0.000000E00
9.740374E01, 0.000000E00
9.756477E01, 0.000000E00
9.772076E01, 0.000000E00
9.787168E01, 0.000000E00
9.801754E01, 0.000000E00
9.815831E01, 0.000000E00
9.829398E01, 0.000000E00
9.842454E01, 0.000000E00
9.854997E01, 0.000000E00
9.867027E01, 0.000000E00
9.878542E01, 0.000000E00
9.889541E01, 0.000000E00
9.900023E01, 0.000000E00
9.909987E01, 0.000000E00
9.919432E01, 0.000000E00
9.928358E01, 0.000000E00
9.936762E01, 0.000000E00
9.944646E01, 0.000000E00
9.952007E01, 0.000000E00
9.958845E01, 0.000000E00
9.965160E01, 0.000000E00
9.970951E01, 0.000000E00
9.976217E01, 0.000000E00
9.980957E01, 0.000000E00
9.985173E01, 0.000000E00
9.988862E01, 0.000000E00
9.992024E01, 0.000000E00
9.994661E01, 0.000000E00
9.996770E01, 0.000000E00
9.998352E01, 0.000000E00
9.999407E01, 0.000000E00
9.999934E01, 0.000000E00
9.999934E01, 0.000000E00
9.999407E01, 0.000000E00
9.998352E01, 0.000000E00
9.996770E01, 0.000000E00
9.994661E01, 0.000000E00
9.992024E01, 0.000000E00
9.988862E01, 0.000000E00
9.985173E01, 0.000000E00
9.980957E01, 0.000000E00
9.976217E01, 0.000000E00
9.970951E01, 0.000000E00
9.965160E01, 0.000000E00
9.958845E01, 0.000000E00
9.952007E01, 0.000000E00
9.944646E01, 0.000000E00
9.936762E01, 0.000000E00
9.928358E01, 0.000000E00
9.919432E01, 0.000000E00
9.909987E01, 0.000000E00
9.900023E01, 0.000000E00
9.889541E01, 0.000000E00
9.878542E01, 0.000000E00
9.867027E01, 0.000000E00
9.854997E01, 0.000000E00
9.842454E01, 0.000000E00
9.829398E01, 0.000000E00
9.815831E01, 0.000000E00
9.801754E01, 0.000000E00
9.787168E01, 0.000000E00
9.772076E01, 0.000000E00
9.756477E01, 0.000000E00
9.740374E01, 0.000000E00
9.723768E01, 0.000000E00
9.706661E01, 0.000000E00
9.689054E01, 0.000000E00
9.670949E01, 0.000000E00
9.652348E01, 0.000000E00
9.633253E01, 0.000000E00
9.613664E01, 0.000000E00
9.593585E01, 0.000000E00
9.573018E01, 0.000000E00
9.551963E01, 0.000000E00
9.530423E01, 0.000000E00
9.508400E01, 0.000000E00
9.485896E01, 0.000000E00
9.462913E01, 0.000000E00
9.439454E01, 0.000000E00
9.415521E01, 0.000000E00
9.391115E01, 0.000000E00
9.366239E01, 0.000000E00
9.340896E01, 0.000000E00
9.315088E01, 0.000000E00
9.288818E01, 0.000000E00
9.262087E01, 0.000000E00
9.234898E01, 0.000000E00
9.207254E01, 0.000000E00
9.179158E01, 0.000000E00
9.150612E01, 0.000000E00
9.121619E01, 0.000000E00
9.092181E01, 0.000000E00
9.062301E01, 0.000000E00
9.031983E01, 0.000000E00
9.001228E01, 0.000000E00
8.970041E01, 0.000000E00
8.938423E01, 0.000000E00
8.906378E01, 0.000000E00
8.873908E01, 0.000000E00
8.841017E01, 0.000000E00
8.807709E01, 0.000000E00
8.773985E01, 0.000000E00
8.739849E01, 0.000000E00
8.705304E01, 0.000000E00
8.670354E01, 0.000000E00
8.635002E01, 0.000000E00
8.599251E01, 0.000000E00
8.563104E01, 0.000000E00
8.526566E01, 0.000000E00
8.489638E01, 0.000000E00
8.452325E01, 0.000000E00
8.414630E01, 0.000000E00
8.376557E01, 0.000000E00
8.338109E01, 0.000000E00
8.299289E01, 0.000000E00
8.260102E01, 0.000000E00
8.220551E01, 0.000000E00
8.180640E01, 0.000000E00
8.140372E01, 0.000000E00
8.099751E01, 0.000000E00
8.058781E01, 0.000000E00
8.017466E01, 0.000000E00
7.975809E01, 0.000000E00
7.933814E01, 0.000000E00
7.891486E01, 0.000000E00
7.848828E01, 0.000000E00
7.805844E01, 0.000000E00
7.762538E01, 0.000000E00
7.718914E01, 0.000000E00
7.674975E01, 0.000000E00
7.630727E01, 0.000000E00
7.586174E01, 0.000000E00
7.541318E01, 0.000000E00
7.496165E01, 0.000000E00
7.450718E01, 0.000000E00
7.404982E01, 0.000000E00
7.358961E01, 0.000000E00
7.312659E01, 0.000000E00
7.266080E01, 0.000000E00
7.219229E01, 0.000000E00
7.172109E01, 0.000000E00
7.124726E01, 0.000000E00
7.077083E01, 0.000000E00
7.029185E01, 0.000000E00
6.981037E01, 0.000000E00
6.932642E01, 0.000000E00
6.884004E01, 0.000000E00
6.835130E01, 0.000000E00
6.786022E01, 0.000000E00
6.736685E01, 0.000000E00
6.687124E01, 0.000000E00
6.637344E01, 0.000000E00
6.587348E01, 0.000000E00
6.537141E01, 0.000000E00
6.486728E01, 0.000000E00
6.436114E01, 0.000000E00
6.385302E01, 0.000000E00
6.334298E01, 0.000000E00
6.283106E01, 0.000000E00
6.231730E01, 0.000000E00
6.180176E01, 0.000000E00
6.128448E01, 0.000000E00
6.076550E01, 0.000000E00
6.024487E01, 0.000000E00
5.972264E01, 0.000000E00
5.919886E01, 0.000000E00
5.867356E01, 0.000000E00
5.814681E01, 0.000000E00
5.761864E01, 0.000000E00
5.708910E01, 0.000000E00
5.655824E01, 0.000000E00
5.602611E01, 0.000000E00
5.549275E01, 0.000000E00
5.495821E01, 0.000000E00
5.442254E01, 0.000000E00
5.388578E01, 0.000000E00
5.334799E01, 0.000000E00
5.280920E01, 0.000000E00
5.226947E01, 0.000000E00
5.172884E01, 0.000000E00
5.118737E01, 0.000000E00
5.064509E01, 0.000000E00
5.010206E01, 0.000000E00
4.955833E01, 0.000000E00
4.901393E01, 0.000000E00
4.846892E01, 0.000000E00
4.792335E01, 0.000000E00
4.737726E01, 0.000000E00
4.683071E01, 0.000000E00
4.628372E01, 0.000000E00
4.573637E01, 0.000000E00
4.518868E01, 0.000000E00
4.464072E01, 0.000000E00
4.409252E01, 0.000000E00
4.354414E01, 0.000000E00
4.299561E01, 0.000000E00
4.244699E01, 0.000000E00
4.189833E01, 0.000000E00
4.134967E01, 0.000000E00
4.080105E01, 0.000000E00
4.025253E01, 0.000000E00
3.970415E01, 0.000000E00
3.915596E01, 0.000000E00
3.860800E01, 0.000000E00
3.806032E01, 0.000000E00
3.751296E01, 0.000000E00
3.696598E01, 0.000000E00
3.641942E01, 0.000000E00
3.587332E01, 0.000000E00
3.532773E01, 0.000000E00
3.478269E01, 0.000000E00
3.423825E01, 0.000000E00
3.369446E01, 0.000000E00
3.315136E01, 0.000000E00
3.260899E01, 0.000000E00
3.206740E01, 0.000000E00
3.152664E01, 0.000000E00
3.098674E01, 0.000000E00
3.044776E01, 0.000000E00
2.990974E01, 0.000000E00
2.937272E01, 0.000000E00
2.883674E01, 0.000000E00
2.830185E01, 0.000000E00
2.776809E01, 0.000000E00
2.723551E01, 0.000000E00
2.670414E01, 0.000000E00
2.617403E01, 0.000000E00
2.564523E01, 0.000000E00
2.511777E01, 0.000000E00
2.459170E01, 0.000000E00
2.406706E01, 0.000000E00
2.354389E01, 0.000000E00
2.302223E01, 0.000000E00
2.250213E01, 0.000000E00
2.198361E01, 0.000000E00
2.146674E01, 0.000000E00
2.095153E01, 0.000000E00
2.043805E01, 0.000000E00
1.992631E01, 0.000000E00
1.941638E01, 0.000000E00
1.890827E01, 0.000000E00
1.840204E01, 0.000000E00
1.789772E01, 0.000000E00
1.739535E01, 0.000000E00
1.689497E01, 0.000000E00
1.639662E01, 0.000000E00
1.590033E01, 0.000000E00
1.540615E01, 0.000000E00
1.491410E01, 0.000000E00
1.442423E01, 0.000000E00
1.393657E01, 0.000000E00
1.345115E01, 0.000000E00
1.296803E01, 0.000000E00
1.248722E01, 0.000000E00
1.200876E01, 0.000000E00
1.153270E01, 0.000000E00
1.105906E01, 0.000000E00
1.058788E01, 0.000000E00
1.011919E01, 0.000000E00
9.653032E00, 0.000000E00
9.189430E00, 0.000000E00
8.728421E00, 0.000000E00
8.270036E00, 0.000000E00
7.814309E00, 0.000000E00
7.361270E00, 0.000000E00
6.910953E00, 0.000000E00
6.463387E00, 0.000000E00
6.018604E00, 0.000000E00
5.576634E00, 0.000000E00
5.137507E00, 0.000000E00
4.701253E00, 0.000000E00
4.267902E00, 0.000000E00
3.837481E00, 0.000000E00
3.410021E00, 0.000000E00
2.985548E00, 0.000000E00
2.564092E00, 0.000000E00
2.145679E00, 0.000000E00
1.730336E00, 0.000000E00
1.318091E00, 0.000000E00
9.089695E-01, 0.000000E00
5.029974E-01, 0.000000E00
1.002002E-01, 0.000000E00
2.993968E-01, 1.800000E02
6.957689E-01, 1.800000E02
1.088892E00, 1.800000E02
1.478741E00, 1.800000E02
1.865294E00, 1.800000E02
2.248528E00, 1.800000E02
2.628418E00, 1.800000E02
3.004944E00, 1.800000E02
3.378083E00, 1.800000E02
3.747813E00, 1.800000E02
4.114115E00, 1.800000E02
4.476966E00, 1.800000E02
4.836347E00, 1.800000E02
5.192238E00, 1.800000E02
5.544619E00, 1.800000E02
5.893472E00, 1.800000E02
6.238778E00, 1.800000E02
6.580519E00, 1.800000E02
6.918676E00, 1.800000E02
7.253234E00, 1.800000E02
7.584175E00, 1.800000E02
7.911482E00, 1.800000E02
8.235139E00, 1.800000E02
8.555132E00, 1.800000E02
8.871444E00, 1.800000E02
9.184062E00, 1.800000E02
9.492970E00, 1.800000E02
9.798155E00, 1.800000E02
1.009960E01, 1.800000E02
1.039730E01, 1.800000E02
1.069124E01, 1.800000E02
1.098140E01, 1.800000E02
1.126778E01, 1.800000E02
1.155036E01, 1.800000E02
1.182914E01, 1.800000E02
1.210409E01, 1.800000E02
1.237522E01, 1.800000E02
1.264251E01, 1.800000E02
1.290595E01, 1.800000E02
1.316554E01, 1.800000E02
1.342127E01, 1.800000E02
1.367312E01, 1.800000E02
1.392110E01, 1.800000E02
1.416519E01, 1.800000E02
1.440539E01, 1.800000E02
1.464169E01, 1.800000E02
1.487409E01, 1.800000E02
1.510258E01, 1.800000E02
1.532716E01, 1.800000E02
1.554783E01, 1.800000E02
1.576457E01, 1.800000E02
1.597739E01, 1.800000E02
1.618628E01, 1.800000E02
1.639124E01, 1.800000E02
1.659227E01, 1.800000E02
1.678937E01, 1.800000E02
1.698253E01, 1.800000E02
1.717176E01, 1.800000E02
1.735706E01, 1.800000E02
1.753841E01, 1.800000E02
1.771584E01, 1.800000E02
1.788933E01, 1.800000E02
1.805889E01, 1.800000E02
1.822452E01, 1.800000E02
1.838622E01, 1.800000E02
1.854400E01, 1.800000E02
1.869786E01, 1.800000E02
1.884779E01, 1.800000E02
1.899381E01, 1.800000E02
1.913593E01, 1.800000E02
1.927413E01, 1.800000E02
1.940844E01, 1.800000E02
1.953885E01, 1.800000E02
1.966538E01, 1.800000E02
1.978802E01, 1.800000E02
1.990679E01, 1.800000E02
2.002169E01, 1.800000E02
2.013273E01, 1.800000E02
2.023992E01, 1.800000E02
2.034326E01, 1.800000E02
2.044277E01, 1.800000E02
2.053846E01, 1.800000E02
2.063033E01, 1.800000E02
2.071839E01, 1.800000E02
2.080266E01, 1.800000E02
2.088314E01, 1.800000E02
2.095986E01, 1.800000E02
2.103281E01, 1.800000E02
2.110201E01, 1.800000E02
2.116747E01, 1.800000E02
2.122922E01, 1.800000E02
2.128725E01, 1.800000E02
2.134158E01, 1.800000E02
2.139223E01, 1.800000E02
2.143921E01, 1.800000E02
2.148253E01, 1.800000E02
2.152222E01, 1.800000E02
2.155828E01, 1.800000E02
2.159074E01, 1.800000E02
2.161960E01, 1.800000E02
2.164489E01, 1.800000E02
2.166661E01, 1.800000E02
2.168480E01, 1.800000E02
2.169946E01, 1.800000E02
2.171062E01, 1.800000E02
2.171828E01, 1.800000E02
2.172248E01, 1.800000E02
2.172322E01, 1.800000E02
2.172054E01, 1.800000E02
2.171444E01, 1.800000E02
2.170495E01, 1.800000E02
2.169209E01, 1.800000E02
2.167587E01, 1.800000E02
2.165633E01, 1.800000E02
2.163347E01, 1.800000E02
2.160732E01, 1.800000E02
2.157791E01, 1.800000E02
2.154526E01, 1.800000E02
2.150938E01, 1.800000E02
2.147030E01, 1.800000E02
2.142804E01, 1.800000E02
2.138263E01, 1.800000E02
2.133409E01, 1.800000E02
2.128245E01, 1.800000E02
2.122772E01, 1.800000E02
2.116993E01, 1.800000E02
2.110911E01, 1.800000E02
2.104528E01, 1.800000E02
2.097846E01, 1.800000E02
2.090869E01, 1.800000E02
2.083598E01, 1.800000E02
2.076037E01, 1.800000E02
2.068187E01, 1.800000E02
2.060053E01, 1.800000E02
2.051635E01, 1.800000E02
2.042937E01, 1.800000E02
2.033962E01, 1.800000E02
2.024712E01, 1.800000E02
2.015190E01, 1.800000E02
2.005399E01, 1.800000E02
1.995342E01, 1.800000E02
1.985021E01, 1.800000E02
1.974440E01, 1.800000E02
1.963600E01, 1.800000E02
1.952506E01, 1.800000E02
1.941160E01, 1.800000E02
1.929564E01, 1.800000E02
1.917723E01, 1.800000E02
1.905638E01, 1.800000E02
1.893312E01, 1.800000E02
1.880750E01, 1.800000E02
1.867953E01, 1.800000E02
1.854925E01, 1.800000E02
1.841669E01, 1.800000E02
1.828188E01, 1.800000E02
1.814484E01, 1.800000E02
1.800562E01, 1.800000E02
1.786424E01, 1.800000E02
1.772073E01, 1.800000E02
1.757512E01, 1.800000E02
1.742745E01, 1.800000E02
1.727775E01, 1.800000E02
1.712604E01, 1.800000E02
1.697237E01, 1.800000E02
1.681675E01, 1.800000E02
1.665924E01, 1.800000E02
1.649985E01, 1.800000E02
1.633861E01, 1.800000E02
1.617557E01, 1.800000E02
1.601076E01, 1.800000E02
1.584420E01, 1.800000E02
1.567593E01, 1.800000E02
1.550598E01, 1.800000E02
1.533438E01, 1.800000E02
1.516118E01, 1.800000E02
1.498639E01, 1.800000E02
1.481006E01, 1.800000E02
1.463222E01, 1.800000E02
1.445289E01, 1.800000E02
1.427212E01, 1.800000E02
1.408994E01, 1.800000E02
1.390638E01, 1.800000E02
1.372147E01, 1.800000E02
1.353525E01, 1.800000E02
1.334774E01, 1.800000E02
1.315900E01, 1.800000E02
1.296903E01, 1.800000E02
1.277790E01, 1.800000E02
1.258561E01, 1.800000E02
1.239221E01, 1.800000E02
1.219774E01, 1.800000E02
1.200222E01, 1.800000E02
1.180569E01, 1.800000E02
1.160818E01, 1.800000E02
1.140973E01, 1.800000E02
1.121036E01, 1.800000E02
1.101012E01, 1.800000E02
1.080904E01, 1.800000E02
1.060715E01, 1.800000E02
1.040448E01, 1.800000E02
1.020107E01, 1.800000E02
9.996945E00, 1.800000E02
9.792148E00, 1.800000E02
9.586708E00, 1.800000E02
9.380658E00, 1.800000E02
9.174032E00, 1.800000E02
8.966862E00, 1.800000E02
8.759183E00, 1.800000E02
8.551027E00, 1.800000E02
8.342427E00, 1.800000E02
8.133415E00, 1.800000E02
7.924025E00, 1.800000E02
7.714290E00, 1.800000E02
7.504241E00, 1.800000E02
7.293912E00, 1.800000E02
7.083335E00, 1.800000E02
6.872543E00, 1.800000E02
6.661567E00, 1.800000E02
6.450440E00, 1.800000E02
6.239194E00, 1.800000E02
6.027861E00, 1.800000E02
5.816473E00, 1.800000E02
5.605061E00, 1.800000E02
5.393657E00, 1.800000E02
5.182292E00, 1.800000E02
4.970998E00, 1.800000E02
4.759806E00, 1.800000E02
4.548747E00, 1.800000E02
4.337852E00, 1.800000E02
4.127152E00, 1.800000E02
3.916677E00, 1.800000E02
3.706458E00, 1.800000E02
3.496525E00, 1.800000E02
3.286908E00, 1.800000E02
3.077638E00, 1.800000E02
2.868743E00, 1.800000E02
2.660255E00, 1.800000E02
2.452201E00, 1.800000E02
2.244613E00, 1.800000E02
2.037518E00, 1.800000E02
1.830945E00, 1.800000E02
1.624925E00, 1.800000E02
1.419484E00, 1.800000E02
1.214652E00, 1.800000E02
1.010456E00, 1.800000E02
8.069248E-01, 1.800000E02
6.040862E-01, 1.800000E02
4.019676E-01, 1.800000E02
2.005965E-01, 1.800000E02
3.898172E-15, 1.800000E02
##END=
