##TITLE= radial a
##JCAMP-DX= 5.00 Bruker JCAMP library
##DATA TYPE= Shape Data
##ORIGIN= Bruker Analytik GmbH
##OWNER= <nmrsu>
##DATE= xx
##TIME= xx
##MINX= 0
##MAXX= 1
##MINY= 0
##MAXY= 1
##$SHAPE_EXMODE= gradient
##$SHAPE_TOTROT= 0
##$SHAPE_BWFAC= 0
##$SHAPE_INTEGFAC= 0
##$SHAPE_MODE= 0
##NPOINTS=1000
##XYDATA= (X++(Y..Y))
0.000000
0.009706
0.019411
0.029112
0.038809
0.048498
0.058179
0.067850
0.077509
0.087155
0.096785
0.106399
0.115994
0.125569
0.135122
0.144651
0.154155
0.163632
0.173081
0.182500
0.191887
0.201240
0.210559
0.219840
0.229084
0.238287
0.247449
0.256568
0.265642
0.274670
0.283650
0.292580
0.301460
0.310287
0.319060
0.327777
0.336437
0.345039
0.353580
0.362060
0.370477
0.378829
0.387116
0.395334
0.403484
0.411564
0.419572
0.427506
0.435367
0.443151
0.450858
0.458486
0.466035
0.473502
0.480886
0.488187
0.495403
0.502532
0.509573
0.516525
0.523387
0.530158
0.536836
0.543420
0.549908
0.556301
0.562596
0.568793
0.574890
0.580885
0.586779
0.592570
0.598256
0.603837
0.609311
0.614678
0.619935
0.625083
0.630120
0.635045
0.639857
0.644554
0.649137
0.653602
0.657950
0.662180
0.666289
0.670278
0.674145
0.677888
0.681507
0.685001
0.688367
0.691606
0.694716
0.697695
0.700543
0.703258
0.705838
0.708283
0.710591
0.712761
0.714791
0.716679
0.718425
0.720027
0.721482
0.722791
0.723950
0.724959
0.725815
0.726517
0.727063
0.727451
0.727679
0.727746
0.727648
0.727386
0.726955
0.726354
0.725645
0.724808
0.723760
0.722497
0.721017
0.719319
0.717401
0.715259
0.712892
0.710298
0.707475
0.704421
0.701133
0.697609
0.693849
0.689849
0.685608
0.681124
0.676396
0.671422
0.666199
0.660727
0.655005
0.649030
0.642802
0.636319
0.629580
0.622585
0.615333
0.607822
0.600053
0.592025
0.583737
0.575190
0.566384
0.557319
0.547995
0.538412
0.528573
0.518477
0.508125
0.497520
0.486663
0.475555
0.464198
0.452595
0.440749
0.428662
0.416336
0.403776
0.390984
0.377965
0.364722
0.351260
0.337583
0.323695
0.309602
0.295310
0.280822
0.266146
0.251287
0.236251
0.221046
0.205677
0.190151
0.174476
0.158660
0.142709
0.126631
0.110435
0.094129
0.077720
0.061219
0.044632
0.027970
0.011241
-0.005546
-0.022382
-0.039257
-0.056162
-0.073087
-0.090023
-0.106961
-0.123890
-0.140802
-0.157686
-0.174533
-0.191333
-0.208078
-0.224757
-0.241360
-0.257880
-0.274306
-0.290630
-0.306843
-0.322935
-0.338899
-0.354726
-0.370407
-0.385935
-0.401301
-0.416499
-0.431521
-0.446360
-0.461009
-0.475461
-0.489711
-0.503752
-0.517579
-0.531186
-0.544568
-0.557721
-0.570641
-0.583323
-0.595764
-0.607960
-0.619909
-0.631608
-0.643054
-0.654246
-0.665183
-0.675862
-0.686285
-0.696449
-0.706354
-0.716003
-0.725394
-0.734528
-0.743409
-0.752036
-0.760412
-0.768539
-0.776420
-0.784059
-0.791458
-0.798621
-0.805552
-0.812255
-0.818735
-0.824997
-0.831045
-0.836886
-0.842525
-0.847966
-0.853218
-0.858286
-0.863176
-0.867895
-0.872450
-0.876849
-0.881136
-0.885351
-0.889495
-0.893568
-0.897567
-0.901495
-0.905349
-0.909131
-0.912839
-0.916473
-0.920033
-0.923518
-0.926929
-0.930265
-0.933526
-0.936712
-0.939821
-0.942855
-0.945813
-0.948694
-0.951498
-0.954226
-0.956876
-0.959449
-0.961945
-0.964362
-0.966702
-0.968964
-0.971147
-0.973252
-0.975278
-0.977225
-0.979094
-0.980883
-0.982593
-0.984223
-0.985774
-0.987245
-0.988637
-0.989948
-0.991180
-0.992331
-0.993402
-0.994393
-0.995304
-0.996134
-0.996883
-0.997552
-0.998141
-0.998648
-0.999075
-0.999421
-0.999687
-0.999871
-0.999975
-0.999998
-0.999940
-0.999801
-0.999582
-0.999282
-0.998901
-0.998439
-0.997896
-0.997273
-0.996569
-0.995785
-0.994920
-0.993975
-0.992949
-0.991843
-0.990657
-0.989391
-0.988045
-0.986619
-0.985113
-0.983528
-0.981863
-0.980119
-0.978296
-0.976393
-0.974412
-0.972352
-0.970213
-0.967996
-0.965700
-0.963327
-0.960875
-0.958346
-0.955740
-0.953056
-0.950295
-0.947458
-0.944544
-0.941553
-0.938487
-0.935344
-0.932126
-0.928833
-0.925464
-0.922021
-0.918503
-0.914911
-0.911245
-0.907505
-0.903692
-0.899806
-0.895847
-0.891816
-0.887713
-0.883538
-0.879291
-0.874974
-0.870585
-0.866127
-0.861598
-0.857000
-0.852332
-0.847596
-0.842791
-0.837918
-0.832977
-0.827969
-0.822894
-0.817752
-0.812545
-0.807271
-0.801933
-0.796529
-0.791061
-0.785530
-0.779934
-0.774276
-0.768555
-0.762772
-0.756928
-0.751022
-0.745055
-0.739028
-0.732942
-0.726796
-0.720592
-0.714329
-0.708008
-0.701631
-0.695196
-0.688706
-0.682160
-0.675558
-0.668902
-0.662192
-0.655428
-0.648612
-0.641743
-0.634822
-0.627850
-0.620827
-0.613754
-0.606631
-0.599459
-0.592239
-0.584971
-0.577655
-0.570293
-0.562885
-0.555432
-0.547933
-0.540390
-0.532804
-0.525174
-0.517502
-0.509788
-0.502033
-0.494237
-0.486402
-0.478527
-0.470613
-0.462662
-0.454673
-0.446647
-0.438585
-0.430488
-0.422355
-0.414189
-0.405989
-0.397757
-0.389492
-0.381196
-0.372869
-0.364512
-0.356125
-0.347710
-0.339266
-0.330795
-0.322298
-0.313774
-0.305225
-0.296651
-0.288053
-0.279432
-0.270789
-0.262123
-0.253436
-0.244729
-0.236002
-0.227256
-0.218492
-0.209710
-0.200911
-0.192096
-0.183265
-0.174419
-0.165560
-0.156687
-0.147801
-0.138903
-0.129994
-0.121075
-0.112146
-0.103207
-0.094261
-0.085307
-0.076345
-0.067378
-0.058405
-0.049428
-0.040446
-0.031462
-0.022475
-0.013485
-0.004495
0.004495
0.013485
0.022475
0.031462
0.040446
0.049428
0.058405
0.067378
0.076345
0.085307
0.094261
0.103207
0.112146
0.121075
0.129994
0.138903
0.147801
0.156687
0.165560
0.174419
0.183265
0.192096
0.200911
0.209710
0.218492
0.227256
0.236002
0.244729
0.253436
0.262123
0.270789
0.279432
0.288053
0.296651
0.305225
0.313774
0.322298
0.330795
0.339266
0.347710
0.356125
0.364512
0.372869
0.381196
0.389492
0.397757
0.405989
0.414189
0.422355
0.430488
0.438585
0.446647
0.454673
0.462662
0.470613
0.478527
0.486402
0.494237
0.502033
0.509788
0.517502
0.525174
0.532804
0.540390
0.547933
0.555432
0.562885
0.570293
0.577655
0.584971
0.592239
0.599459
0.606631
0.613754
0.620827
0.627850
0.634822
0.641743
0.648612
0.655428
0.662192
0.668902
0.675558
0.682160
0.688706
0.695196
0.701631
0.708008
0.714329
0.720592
0.726796
0.732942
0.739028
0.745055
0.751022
0.756928
0.762772
0.768555
0.774276
0.779934
0.785530
0.791061
0.796529
0.801933
0.807271
0.812545
0.817752
0.822894
0.827969
0.832977
0.837918
0.842791
0.847596
0.852332
0.857000
0.861598
0.866127
0.870585
0.874974
0.879291
0.883538
0.887713
0.891816
0.895847
0.899806
0.903692
0.907505
0.911245
0.914911
0.918503
0.922021
0.925464
0.928833
0.932126
0.935344
0.938487
0.941553
0.944544
0.947458
0.950295
0.953056
0.955740
0.958346
0.960875
0.963327
0.965700
0.967996
0.970213
0.972352
0.974412
0.976393
0.978296
0.980119
0.981863
0.983528
0.985113
0.986619
0.988045
0.989391
0.990657
0.991843
0.992949
0.993975
0.994920
0.995785
0.996569
0.997273
0.997896
0.998439
0.998901
0.999282
0.999582
0.999801
0.999940
0.999998
0.999975
0.999871
0.999687
0.999421
0.999075
0.998648
0.998141
0.997552
0.996883
0.996134
0.995304
0.994393
0.993402
0.992331
0.991180
0.989948
0.988637
0.987245
0.985774
0.984223
0.982593
0.980883
0.979094
0.977225
0.975278
0.973252
0.971147
0.968964
0.966702
0.964362
0.961945
0.959449
0.956876
0.954226
0.951498
0.948694
0.945813
0.942855
0.939821
0.936712
0.933526
0.930265
0.926929
0.923518
0.920033
0.916473
0.912839
0.909131
0.905349
0.901495
0.897567
0.893568
0.889495
0.885351
0.881136
0.876849
0.872450
0.867895
0.863176
0.858286
0.853218
0.847966
0.842525
0.836886
0.831045
0.824997
0.818735
0.812255
0.805552
0.798621
0.791458
0.784059
0.776420
0.768539
0.760412
0.752036
0.743409
0.734528
0.725394
0.716003
0.706354
0.696449
0.686285
0.675862
0.665183
0.654246
0.643054
0.631608
0.619909
0.607960
0.595764
0.583323
0.570641
0.557721
0.544568
0.531186
0.517579
0.503752
0.489711
0.475461
0.461009
0.446360
0.431521
0.416499
0.401301
0.385935
0.370407
0.354726
0.338899
0.322935
0.306843
0.290630
0.274306
0.257880
0.241360
0.224757
0.208078
0.191333
0.174533
0.157686
0.140802
0.123890
0.106961
0.090023
0.073087
0.056162
0.039257
0.022382
0.005546
-0.011241
-0.027970
-0.044632
-0.061219
-0.077720
-0.094129
-0.110435
-0.126631
-0.142709
-0.158660
-0.174476
-0.190151
-0.205677
-0.221046
-0.236251
-0.251287
-0.266146
-0.280822
-0.295310
-0.309602
-0.323695
-0.337583
-0.351260
-0.364722
-0.377965
-0.390984
-0.403776
-0.416336
-0.428662
-0.440749
-0.452595
-0.464198
-0.475555
-0.486663
-0.497520
-0.508125
-0.518477
-0.528573
-0.538412
-0.547995
-0.557319
-0.566384
-0.575190
-0.583737
-0.592025
-0.600053
-0.607822
-0.615333
-0.622585
-0.629580
-0.636319
-0.642802
-0.649030
-0.655005
-0.660727
-0.666199
-0.671422
-0.676396
-0.681124
-0.685608
-0.689849
-0.693849
-0.697609
-0.701133
-0.704421
-0.707475
-0.710298
-0.712892
-0.715259
-0.717401
-0.719319
-0.721017
-0.722497
-0.723760
-0.724808
-0.725645
-0.726354
-0.726955
-0.727386
-0.727648
-0.727746
-0.727679
-0.727451
-0.727063
-0.726517
-0.725815
-0.724959
-0.723950
-0.722791
-0.721482
-0.720027
-0.718425
-0.716679
-0.714791
-0.712761
-0.710591
-0.708283
-0.705838
-0.703258
-0.700543
-0.697695
-0.694716
-0.691606
-0.688367
-0.685001
-0.681507
-0.677888
-0.674145
-0.670278
-0.666289
-0.662180
-0.657950
-0.653602
-0.649137
-0.644554
-0.639857
-0.635045
-0.630120
-0.625083
-0.619935
-0.614678
-0.609311
-0.603837
-0.598256
-0.592570
-0.586779
-0.580885
-0.574890
-0.568793
-0.562596
-0.556301
-0.549908
-0.543420
-0.536836
-0.530158
-0.523387
-0.516525
-0.509573
-0.502532
-0.495403
-0.488187
-0.480886
-0.473502
-0.466035
-0.458486
-0.450858
-0.443151
-0.435367
-0.427506
-0.419572
-0.411564
-0.403484
-0.395334
-0.387116
-0.378829
-0.370477
-0.362060
-0.353580
-0.345039
-0.336437
-0.327777
-0.319060
-0.310287
-0.301460
-0.292580
-0.283650
-0.274670
-0.265642
-0.256568
-0.247449
-0.238287
-0.229084
-0.219840
-0.210559
-0.201240
-0.191887
-0.182500
-0.173081
-0.163632
-0.154155
-0.144651
-0.135122
-0.125569
-0.115994
-0.106399
-0.096785
-0.087155
-0.077509
-0.067850
-0.058179
-0.048498
-0.038809
-0.029112
-0.019411
-0.009706
0.000000
##END
