##TITLE= yb
##JCAMP-DX= 5.00 Bruker JCAMP library
##DATA TYPE= Shape Data
##ORIGIN= Bruker Analytik GmbH
##OWNER= <nmrsu>
##DATE= xx
##TIME= xx
##MINX= 0
##MAXX= 1
##MINY= 0
##MAXY= 1
##$SHAPE_EXMODE= gradient
##$SHAPE_TOTROT= 0
##$SHAPE_BWFAC= 0
##$SHAPE_INTEGFAC= 0
##$SHAPE_MODE= 0
##NPOINTS=408
##XYDATA= (X++(Y..Y))
0.000000
0.000000
0.000000
0.000000
0.000000
0.000000
0.003779
0.007036
0.013098
0.024383
0.045393
0.084506
0.005345
0.009950
0.018523
0.034483
0.064196
0.119510
0.006546
0.012186
0.022686
0.042233
0.078623
0.146369
0.000000
0.000000
0.000000
0.000000
0.000000
0.000000
0.022134
0.041206
0.076711
0.142809
0.265859
0.494936
0.031302
0.058274
0.108486
0.201962
0.375982
0.699945
0.038338
0.071371
0.132867
0.247352
0.460482
0.857254
-0.000000
-0.000000
-0.000000
-0.000000
-0.000000
-0.000000
-0.003176
-0.005913
-0.011008
-0.020493
-0.038151
-0.071023
-0.004492
-0.008362
-0.015568
-0.028982
-0.053953
-0.100442
-0.005501
-0.010242
-0.019066
-0.035495
-0.066079
-0.123016
-0.000000
-0.000000
-0.000000
-0.000000
-0.000000
-0.000000
-0.024230
-0.045108
-0.083976
-0.156333
-0.291036
-0.541806
-0.034267
-0.063793
-0.118759
-0.221088
-0.411587
-0.766230
-0.041968
-0.078130
-0.145450
-0.270776
-0.504089
-0.938436
0.000000
0.000000
0.000000
0.000000
0.000000
0.000000
0.015186
0.028271
0.052630
0.097979
0.182402
0.339569
0.021476
0.039981
0.074431
0.138563
0.257956
0.480222
0.026303
0.048967
0.091158
0.169705
0.315930
0.588150
-0.000000
-0.000000
-0.000000
-0.000000
-0.000000
-0.000000
-0.000258
-0.000481
-0.000895
-0.001666
-0.003102
-0.005775
-0.000365
-0.000680
-0.001266
-0.002357
-0.004387
-0.008167
-0.000447
-0.000833
-0.001550
-0.002886
-0.005373
-0.010003
-0.000000
-0.000000
-0.000000
-0.000000
-0.000000
-0.000000
-0.016559
-0.030828
-0.057390
-0.106840
-0.198898
-0.370278
-0.023418
-0.043597
-0.081162
-0.151095
-0.281285
-0.523653
-0.028682
-0.053395
-0.099403
-0.185053
-0.344502
-0.641341
0.000000
0.000000
0.000000
0.000000
0.000000
0.000000
0.025769
0.047973
0.089308
0.166260
0.309517
0.576211
0.036443
0.067844
0.126301
0.235127
0.437724
0.814886
0.044633
0.083091
0.154686
0.287971
0.536100
0.998028
-0.000000
-0.000000
-0.000000
-0.000000
-0.000000
-0.000000
-0.025817
-0.048062
-0.089474
-0.166570
-0.310094
-0.577285
-0.036511
-0.067970
-0.126536
-0.235565
-0.438539
-0.816404
-0.044716
-0.083246
-0.154974
-0.288507
-0.537098
-0.999887
-0.000000
-0.000000
-0.000000
-0.000000
-0.000000
-0.000000
-0.018052
-0.033607
-0.062565
-0.116474
-0.216833
-0.403666
-0.025530
-0.047528
-0.088480
-0.164719
-0.306648
-0.570870
-0.031268
-0.058210
-0.108366
-0.201739
-0.375566
-0.699170
0.000000
0.000000
0.000000
0.000000
0.000000
0.000000
0.000402
0.000748
0.001393
0.002594
0.004829
0.008989
0.000569
0.001058
0.001970
0.003668
0.006829
0.012713
0.000696
0.001296
0.002413
0.004493
0.008364
0.015570
-0.000000
-0.000000
-0.000000
-0.000000
-0.000000
-0.000000
-0.022644
-0.042155
-0.078478
-0.146099
-0.271984
-0.506337
-0.032024
-0.059617
-0.110985
-0.206615
-0.384643
-0.716069
-0.039221
-0.073015
-0.135928
-0.253050
-0.471090
-0.877002
-0.000000
-0.000000
-0.000000
-0.000000
-0.000000
-0.000000
-0.012593
-0.023444
-0.043645
-0.081251
-0.151260
-0.281593
-0.017809
-0.033155
-0.061723
-0.114906
-0.213914
-0.398232
-0.021812
-0.040606
-0.075595
-0.140730
-0.261990
-0.487733
-0.000000
-0.000000
-0.000000
-0.000000
-0.000000
-0.000000
-0.003779
-0.007036
-0.013098
-0.024383
-0.045393
-0.084506
-0.005345
-0.009950
-0.018523
-0.034483
-0.064196
-0.119510
-0.006546
-0.012186
-0.022686
-0.042233
-0.078623
-0.146369
0.000000
0.000000
0.000000
0.000000
0.000000
0.000000
0.020467
0.038102
0.070932
0.132050
0.245830
0.457648
0.028944
0.053884
0.100313
0.186747
0.347656
0.647212
0.035449
0.065994
0.122857
0.228717
0.425790
0.792670
0.000000
0.000000
0.000000
0.000000
0.000000
0.000000
0.025120
0.046764
0.087058
0.162071
0.301718
0.561693
0.035525
0.066134
0.123118
0.229203
0.426694
0.794354
0.043509
0.080997
0.150789
0.280715
0.522592
0.972881
0.000000
0.000000
0.000000
0.000000
0.000000
0.000000
0.013313
0.024784
0.046138
0.085893
0.159903
0.297683
0.018827
0.035049
0.065250
0.121472
0.226137
0.420987
0.023058
0.042927
0.079914
0.148772
0.276960
0.515602
##END
