##TITLE= zc
##JCAMP-DX= 5.00 Bruker JCAMP library
##DATA TYPE= Shape Data
##ORIGIN= Bruker Analytik GmbH
##OWNER= <nmrsu>
##DATE= xx
##TIME= xx
##MINX= 0
##MAXX= 1
##MINY= 0
##MAXY= 1
##$SHAPE_EXMODE= gradient
##$SHAPE_TOTROT= 0
##$SHAPE_BWFAC= 0
##$SHAPE_INTEGFAC= 0
##$SHAPE_MODE= 0
##NPOINTS=408
##XYDATA= (X++(Y..Y))
-0.042184
-0.078532
-0.146199
-0.272171
-0.506686
-0.943269
-0.034443
-0.064121
-0.119371
-0.222227
-0.413707
-0.770176
-0.024355
-0.045341
-0.084408
-0.157138
-0.292535
-0.544597
-0.000000
-0.000000
-0.000000
-0.000000
-0.000000
-0.000000
-0.020922
-0.038949
-0.072510
-0.134987
-0.251299
-0.467829
-0.017083
-0.031802
-0.059204
-0.110217
-0.205185
-0.381981
-0.012079
-0.022487
-0.041864
-0.077935
-0.145087
-0.270101
-0.000000
-0.000000
-0.000000
-0.000000
-0.000000
-0.000000
0.037097
0.069061
0.128566
0.239345
0.445576
0.829504
0.030289
0.056388
0.104974
0.195424
0.363811
0.677287
0.021418
0.039872
0.074228
0.138186
0.257253
0.478914
0.000000
0.000000
0.000000
0.000000
0.000000
0.000000
-0.007450
-0.013870
-0.025821
-0.048069
-0.089488
-0.166595
-0.006083
-0.011325
-0.021083
-0.039248
-0.073067
-0.136024
-0.004301
-0.008008
-0.014908
-0.027753
-0.051666
-0.096184
-0.000000
-0.000000
-0.000000
-0.000000
-0.000000
-0.000000
0.013304
0.024768
0.046110
0.085840
0.159803
0.297497
0.010863
0.020223
0.037648
0.070088
0.130479
0.242905
0.007681
0.014300
0.026621
0.049560
0.092262
0.171760
0.000000
0.000000
0.000000
0.000000
0.000000
0.000000
-0.013862
-0.025806
-0.048042
-0.089436
-0.166499
-0.309961
-0.011318
-0.021070
-0.039226
-0.073024
-0.135946
-0.253082
-0.008003
-0.014899
-0.027737
-0.051636
-0.096128
-0.178956
-0.000000
-0.000000
-0.000000
-0.000000
-0.000000
-0.000000
0.010171
0.018935
0.035251
0.065625
0.122170
0.227438
0.008305
0.015461
0.028782
0.053583
0.099752
0.185702
0.005872
0.010932
0.020352
0.037889
0.070535
0.131311
0.000000
0.000000
0.000000
0.000000
0.000000
0.000000
0.032042
0.059651
0.111049
0.206734
0.384865
0.716482
0.026162
0.048705
0.090671
0.168797
0.314241
0.585005
0.018499
0.034439
0.064114
0.119358
0.222202
0.413661
0.000000
0.000000
0.000000
0.000000
0.000000
0.000000
0.026821
0.049931
0.092954
0.173047
0.322152
0.599733
0.021899
0.040768
0.075896
0.141292
0.263036
0.489680
0.015485
0.028828
0.053667
0.099909
0.185994
0.346256
0.000000
0.000000
0.000000
0.000000
0.000000
0.000000
-0.036992
-0.068865
-0.128203
-0.238668
-0.444315
-0.827158
-0.030204
-0.056228
-0.104677
-0.194872
-0.362782
-0.675371
-0.021357
-0.039759
-0.074018
-0.137795
-0.256526
-0.477560
-0.000000
-0.000000
-0.000000
-0.000000
-0.000000
-0.000000
-0.014652
-0.027277
-0.050780
-0.094535
-0.175990
-0.327631
-0.011963
-0.022272
-0.041462
-0.077187
-0.143695
-0.267509
-0.008459
-0.015748
-0.029318
-0.054580
-0.101608
-0.189158
-0.000000
-0.000000
-0.000000
-0.000000
-0.000000
-0.000000
-0.023882
-0.044460
-0.082769
-0.154086
-0.286853
-0.534018
-0.019500
-0.036301
-0.067580
-0.125810
-0.234214
-0.436024
-0.013788
-0.025669
-0.047786
-0.088961
-0.165615
-0.308316
-0.000000
-0.000000
-0.000000
-0.000000
-0.000000
-0.000000
0.016100
0.029973
0.055799
0.103878
0.193384
0.360012
0.013146
0.024473
0.045560
0.084816
0.157897
0.293949
0.009295
0.017305
0.032216
0.059974
0.111650
0.207853
0.000000
0.000000
0.000000
0.000000
0.000000
0.000000
0.042184
0.078532
0.146199
0.272171
0.506686
0.943269
0.034443
0.064121
0.119371
0.222227
0.413707
0.770176
0.024355
0.045341
0.084408
0.157138
0.292535
0.544597
0.000000
0.000000
0.000000
0.000000
0.000000
0.000000
-0.032912
-0.061270
-0.114063
-0.212345
-0.395312
-0.735931
-0.026872
-0.050027
-0.093132
-0.173379
-0.322771
-0.600885
-0.019002
-0.035374
-0.065854
-0.122598
-0.228233
-0.424890
-0.000000
-0.000000
-0.000000
-0.000000
-0.000000
-0.000000
-0.001333
-0.002482
-0.004621
-0.008602
-0.016013
-0.029811
-0.001089
-0.002026
-0.003773
-0.007023
-0.013075
-0.024341
-0.000770
-0.001433
-0.002668
-0.004966
-0.009245
-0.017212
-0.000000
-0.000000
-0.000000
-0.000000
-0.000000
-0.000000
0.016458
0.030638
0.057038
0.106184
0.197677
0.368004
0.013438
0.025016
0.046571
0.086699
0.161402
0.300474
0.009502
0.017689
0.032931
0.061305
0.114129
0.212467
0.000000
0.000000
0.000000
0.000000
0.000000
0.000000
##END
