##TITLE= xa
##JCAMP-DX= 5.00 Bruker JCAMP library
##DATA TYPE= Shape Data
##ORIGIN= Bruker Analytik GmbH
##OWNER= <nmrsu>
##DATE= xx
##TIME= xx
##MINX= 0
##MAXX= 1
##MINY= 0
##MAXY= 1
##$SHAPE_EXMODE= gradient
##$SHAPE_TOTROT= 0
##$SHAPE_BWFAC= 0
##$SHAPE_INTEGFAC= 0
##$SHAPE_MODE= 0
##NPOINTS=544
##XYDATA= (X++(Y..Y))
-0.000000
-0.000000
-0.000000
-0.000000
-0.000000
-0.000000
-0.000000
-0.000000
-0.007971
-0.011076
-0.015390
-0.021384
-0.029713
-0.041287
-0.057368
-0.079712
-0.011273
-0.015664
-0.021765
-0.030242
-0.042021
-0.058388
-0.081130
-0.112730
-0.013807
-0.019184
-0.026656
-0.037039
-0.051465
-0.071511
-0.099364
-0.138065
-0.000000
-0.000000
-0.000000
-0.000000
-0.000000
-0.000000
-0.000000
-0.000000
-0.023155
-0.032173
-0.044704
-0.062117
-0.086311
-0.119928
-0.166640
-0.231546
-0.032745
-0.045500
-0.063222
-0.087846
-0.122062
-0.169604
-0.235665
-0.327455
-0.040105
-0.055726
-0.077430
-0.107589
-0.149495
-0.207722
-0.288629
-0.401049
-0.000000
-0.000000
-0.000000
-0.000000
-0.000000
-0.000000
-0.000000
-0.000000
-0.005891
-0.008186
-0.011375
-0.015805
-0.021961
-0.030514
-0.042400
-0.058914
-0.008332
-0.011577
-0.016086
-0.022351
-0.031057
-0.043154
-0.059962
-0.083317
-0.010204
-0.014179
-0.019701
-0.027375
-0.038037
-0.052852
-0.073438
-0.102042
0.000000
0.000000
0.000000
0.000000
0.000000
0.000000
0.000000
0.000000
0.009026
0.012542
0.017427
0.024215
0.033646
0.046751
0.064960
0.090262
0.012765
0.017737
0.024645
0.034245
0.047583
0.066116
0.091868
0.127650
0.015634
0.021723
0.030184
0.041941
0.058277
0.080975
0.112515
0.156339
0.000000
0.000000
0.000000
0.000000
0.000000
0.000000
0.000000
0.000000
0.010102
0.014037
0.019504
0.027101
0.037656
0.052323
0.072703
0.101021
0.014286
0.019851
0.027583
0.038326
0.053254
0.073996
0.102818
0.142865
0.017497
0.024312
0.033782
0.046940
0.065223
0.090627
0.125925
0.174973
0.000000
0.000000
0.000000
0.000000
0.000000
0.000000
0.000000
0.000000
0.000179
0.000249
0.000346
0.000480
0.000667
0.000927
0.001288
0.001790
0.000253
0.000352
0.000489
0.000679
0.000944
0.001311
0.001822
0.002532
0.000310
0.000431
0.000599
0.000832
0.001156
0.001606
0.002231
0.003100
-0.000000
-0.000000
-0.000000
-0.000000
-0.000000
-0.000000
-0.000000
-0.000000
-0.008422
-0.011702
-0.016259
-0.022592
-0.031392
-0.043619
-0.060609
-0.084215
-0.011910
-0.016549
-0.022994
-0.031950
-0.044395
-0.061687
-0.085713
-0.119098
-0.014587
-0.020268
-0.028162
-0.039131
-0.054373
-0.075551
-0.104977
-0.145865
0.000000
0.000000
0.000000
0.000000
0.000000
0.000000
0.000000
0.000000
0.041285
0.057365
0.079708
0.110754
0.153892
0.213832
0.297119
0.412845
0.058385
0.081126
0.112724
0.156630
0.217636
0.302404
0.420189
0.583851
0.071507
0.099358
0.138058
0.191831
0.266549
0.370368
0.514625
0.715069
-0.000000
-0.000000
-0.000000
-0.000000
-0.000000
-0.000000
-0.000000
-0.000000
-0.034622
-0.048107
-0.066844
-0.092879
-0.129055
-0.179322
-0.249167
-0.346217
-0.048962
-0.068033
-0.094532
-0.131351
-0.182512
-0.253600
-0.352376
-0.489624
-0.059966
-0.083323
-0.115777
-0.160872
-0.223531
-0.310595
-0.431570
-0.599665
0.000000
0.000000
0.000000
0.000000
0.000000
0.000000
0.000000
0.000000
0.033390
0.046395
0.064465
0.089574
0.124463
0.172940
0.240300
0.333895
0.047220
0.065612
0.091167
0.126677
0.176017
0.244575
0.339835
0.472200
0.057832
0.080358
0.111657
0.155147
0.215576
0.299541
0.416211
0.578324
-0.000000
-0.000000
-0.000000
-0.000000
-0.000000
-0.000000
-0.000000
-0.000000
-0.000295
-0.000409
-0.000569
-0.000790
-0.001098
-0.001525
-0.002120
-0.002945
-0.000417
-0.000579
-0.000804
-0.001117
-0.001553
-0.002157
-0.002998
-0.004165
-0.000510
-0.000709
-0.000985
-0.001369
-0.001902
-0.002642
-0.003671
-0.005101
0.000000
0.000000
0.000000
0.000000
0.000000
0.000000
0.000000
0.000000
0.027039
0.037571
0.052205
0.072538
0.100792
0.140050
0.194598
0.270394
0.038239
0.053133
0.073829
0.102585
0.142541
0.198060
0.275204
0.382394
0.046834
0.065075
0.090421
0.125640
0.174576
0.242573
0.337054
0.468335
-0.000000
-0.000000
-0.000000
-0.000000
-0.000000
-0.000000
-0.000000
-0.000000
-0.010138
-0.014086
-0.019573
-0.027196
-0.037789
-0.052508
-0.072959
-0.101377
-0.014337
-0.019921
-0.027680
-0.038461
-0.053442
-0.074257
-0.103180
-0.143368
-0.017559
-0.024398
-0.033901
-0.047105
-0.065453
-0.090946
-0.126369
-0.175590
-0.000000
-0.000000
-0.000000
-0.000000
-0.000000
-0.000000
-0.000000
-0.000000
-0.007971
-0.011076
-0.015390
-0.021384
-0.029713
-0.041287
-0.057368
-0.079712
-0.011273
-0.015664
-0.021765
-0.030242
-0.042021
-0.058388
-0.081130
-0.112730
-0.013807
-0.019184
-0.026656
-0.037039
-0.051465
-0.071511
-0.099364
-0.138065
-0.000000
-0.000000
-0.000000
-0.000000
-0.000000
-0.000000
-0.000000
-0.000000
-0.033680
-0.046798
-0.065025
-0.090352
-0.125544
-0.174443
-0.242388
-0.336797
-0.047630
-0.066182
-0.091960
-0.127778
-0.177547
-0.246700
-0.342789
-0.476303
-0.058335
-0.081056
-0.112627
-0.156495
-0.217449
-0.302145
-0.419829
-0.583350
-0.000000
-0.000000
-0.000000
-0.000000
-0.000000
-0.000000
-0.000000
-0.000000
-0.001674
-0.002327
-0.003233
-0.004492
-0.006242
-0.008673
-0.012051
-0.016745
-0.002368
-0.003290
-0.004572
-0.006353
-0.008827
-0.012265
-0.017043
-0.023681
-0.002900
-0.004030
-0.005600
-0.007781
-0.010811
-0.015022
-0.020873
-0.029003
0.000000
0.000000
0.000000
0.000000
0.000000
0.000000
0.000000
0.000000
0.010955
0.015222
0.021151
0.029389
0.040835
0.056740
0.078841
0.109549
0.015493
0.021527
0.029911
0.041562
0.057750
0.080243
0.111497
0.154925
0.018974
0.026365
0.036634
0.050902
0.070729
0.098277
0.136556
0.189744
##END
