##TITLE= ya
##JCAMP-DX= 5.00 Bruker JCAMP library
##DATA TYPE= Shape Data
##ORIGIN= Bruker Analytik GmbH
##OWNER= <nmrsu>
##DATE= xx
##TIME= xx
##MINX= 0
##MAXX= 1
##MINY= 0
##MAXY= 1
##$SHAPE_EXMODE= gradient
##$SHAPE_TOTROT= 0
##$SHAPE_BWFAC= 0
##$SHAPE_INTEGFAC= 0
##$SHAPE_MODE= 0
##NPOINTS=544
##XYDATA= (X++(Y..Y))
-0.000000
-0.000000
-0.000000
-0.000000
-0.000000
-0.000000
-0.000000
-0.000000
-0.053873
-0.074857
-0.104013
-0.144525
-0.200817
-0.279035
-0.387717
-0.538732
-0.076188
-0.105863
-0.147096
-0.204390
-0.283998
-0.394615
-0.548315
-0.761881
-0.093311
-0.129655
-0.180155
-0.250325
-0.347826
-0.483302
-0.671546
-0.933110
-0.000000
-0.000000
-0.000000
-0.000000
-0.000000
-0.000000
-0.000000
-0.000000
-0.013907
-0.019324
-0.026851
-0.037309
-0.051841
-0.072033
-0.100089
-0.139074
-0.019668
-0.027329
-0.037973
-0.052763
-0.073314
-0.101870
-0.141548
-0.196680
-0.024088
-0.033471
-0.046507
-0.064621
-0.089791
-0.124764
-0.173360
-0.240883
0.000000
0.000000
0.000000
0.000000
0.000000
0.000000
0.000000
0.000000
0.047528
0.066039
0.091762
0.127502
0.177164
0.246168
0.342050
0.475277
0.067214
0.093394
0.129770
0.180315
0.250548
0.348135
0.483732
0.672143
0.082320
0.114384
0.158936
0.220840
0.306857
0.426376
0.592448
0.823203
0.000000
0.000000
0.000000
0.000000
0.000000
0.000000
0.000000
0.000000
0.003323
0.004617
0.006415
0.008914
0.012386
0.017210
0.023913
0.033227
0.004699
0.006529
0.009072
0.012606
0.017516
0.024338
0.033818
0.046990
0.005755
0.007997
0.011111
0.015439
0.021453
0.029808
0.041418
0.057551
0.000000
0.000000
0.000000
0.000000
0.000000
0.000000
0.000000
0.000000
0.013891
0.019302
0.026820
0.037266
0.051780
0.071949
0.099972
0.138911
0.019645
0.027297
0.037929
0.052702
0.073229
0.101751
0.141382
0.196450
0.024060
0.033431
0.046453
0.064546
0.089686
0.124619
0.173157
0.240601
-0.000000
-0.000000
-0.000000
-0.000000
-0.000000
-0.000000
-0.000000
-0.000000
-0.017895
-0.024865
-0.034549
-0.048006
-0.066704
-0.092685
-0.128786
-0.178947
-0.025307
-0.035164
-0.048860
-0.067891
-0.094334
-0.131077
-0.182131
-0.253070
-0.030995
-0.043067
-0.059841
-0.083149
-0.115535
-0.160536
-0.223064
-0.309946
0.000000
0.000000
0.000000
0.000000
0.000000
0.000000
0.000000
0.000000
0.010075
0.013999
0.019452
0.027028
0.037555
0.052183
0.072508
0.100749
0.014248
0.019798
0.027509
0.038223
0.053111
0.073798
0.102542
0.142481
0.017450
0.024247
0.033691
0.046814
0.065048
0.090383
0.125587
0.174503
0.000000
0.000000
0.000000
0.000000
0.000000
0.000000
0.000000
0.000000
0.002597
0.003608
0.005014
0.006967
0.009680
0.013451
0.018689
0.025969
0.003673
0.005103
0.007091
0.009852
0.013690
0.019022
0.026431
0.036726
0.004498
0.006250
0.008684
0.012067
0.016767
0.023297
0.032371
0.044979
0.000000
0.000000
0.000000
0.000000
0.000000
0.000000
0.000000
0.000000
0.000521
0.000724
0.001006
0.001398
0.001943
0.002700
0.003751
0.005212
0.000737
0.001024
0.001423
0.001978
0.002748
0.003818
0.005305
0.007371
0.000903
0.001254
0.001743
0.002422
0.003365
0.004676
0.006497
0.009028
0.000000
0.000000
0.000000
0.000000
0.000000
0.000000
0.000000
0.000000
0.034143
0.047442
0.065921
0.091596
0.127273
0.176845
0.245725
0.341434
0.048286
0.067093
0.093226
0.129537
0.179991
0.250096
0.347508
0.482860
0.059138
0.082172
0.114178
0.158649
0.220443
0.306304
0.425608
0.591381
0.000000
0.000000
0.000000
0.000000
0.000000
0.000000
0.000000
0.000000
0.018913
0.026280
0.036516
0.050739
0.070502
0.097962
0.136117
0.189135
0.026748
0.037166
0.051642
0.071756
0.099704
0.138539
0.192499
0.267477
0.032759
0.045519
0.063248
0.087883
0.122113
0.169675
0.235762
0.327591
-0.000000
-0.000000
-0.000000
-0.000000
-0.000000
-0.000000
-0.000000
-0.000000
-0.014814
-0.020584
-0.028602
-0.039742
-0.055221
-0.076729
-0.106615
-0.148141
-0.020950
-0.029110
-0.040449
-0.056203
-0.078094
-0.108512
-0.150777
-0.209504
-0.025659
-0.035653
-0.049539
-0.068835
-0.095646
-0.132899
-0.184663
-0.256588
-0.000000
-0.000000
-0.000000
-0.000000
-0.000000
-0.000000
-0.000000
-0.000000
-0.018145
-0.025213
-0.035033
-0.048679
-0.067639
-0.093984
-0.130590
-0.181454
-0.025662
-0.035657
-0.049545
-0.068842
-0.095656
-0.132913
-0.184682
-0.256615
-0.031429
-0.043670
-0.060680
-0.084314
-0.117154
-0.162785
-0.226189
-0.314288
-0.000000
-0.000000
-0.000000
-0.000000
-0.000000
-0.000000
-0.000000
-0.000000
-0.053873
-0.074857
-0.104013
-0.144525
-0.200817
-0.279035
-0.387717
-0.538732
-0.076188
-0.105863
-0.147096
-0.204390
-0.283998
-0.394615
-0.548315
-0.761881
-0.093311
-0.129655
-0.180155
-0.250325
-0.347826
-0.483302
-0.671546
-0.933110
0.000000
0.000000
0.000000
0.000000
0.000000
0.000000
0.000000
0.000000
0.025903
0.035993
0.050012
0.069491
0.096558
0.134166
0.186423
0.259035
0.036633
0.050901
0.070727
0.098275
0.136553
0.189740
0.263643
0.366330
0.044866
0.062341
0.086623
0.120362
0.167243
0.232383
0.322895
0.448661
0.000000
0.000000
0.000000
0.000000
0.000000
0.000000
0.000000
0.000000
0.000398
0.000553
0.000769
0.001068
0.001484
0.002062
0.002865
0.003981
0.000563
0.000782
0.001087
0.001510
0.002099
0.002916
0.004052
0.005630
0.000690
0.000958
0.001331
0.001850
0.002570
0.003572
0.004963
0.006896
-0.000000
-0.000000
-0.000000
-0.000000
-0.000000
-0.000000
-0.000000
-0.000000
-0.018205
-0.025295
-0.035148
-0.048838
-0.067860
-0.094291
-0.131017
-0.182048
-0.025745
-0.035773
-0.049707
-0.069067
-0.095969
-0.133348
-0.185286
-0.257455
-0.031532
-0.043813
-0.060878
-0.084590
-0.117537
-0.163317
-0.226929
-0.315316
##END
