##TITLE= xc
##JCAMP-DX= 5.00 Bruker JCAMP library
##DATA TYPE= Shape Data
##ORIGIN= Bruker Analytik GmbH
##OWNER= <nmrsu>
##DATE= xx
##TIME= xx
##MINX= 0
##MAXX= 1
##MINY= 0
##MAXY= 1
##$SHAPE_EXMODE= gradient
##$SHAPE_TOTROT= 0
##$SHAPE_BWFAC= 0
##$SHAPE_INTEGFAC= 0
##$SHAPE_MODE= 0
##NPOINTS=480
##XYDATA= (X++(Y..Y))
-0.002260
-0.003523
-0.005492
-0.008561
-0.013344
-0.020801
-0.032423
-0.050541
-0.001845
-0.002877
-0.004484
-0.006990
-0.010895
-0.016984
-0.026474
-0.041266
-0.001305
-0.002034
-0.003171
-0.004943
-0.007704
-0.012009
-0.018720
-0.029180
-0.000000
-0.000000
-0.000000
-0.000000
-0.000000
-0.000000
-0.000000
-0.000000
0.034989
0.054540
0.085016
0.132520
0.206570
0.321996
0.501919
0.782379
0.028568
0.044532
0.069415
0.108202
0.168663
0.262908
0.409815
0.638810
0.020201
0.031489
0.049084
0.076511
0.119263
0.185904
0.289783
0.451707
0.000000
0.000000
0.000000
0.000000
0.000000
0.000000
0.000000
0.000000
0.017975
0.028020
0.043676
0.068081
0.106124
0.165423
0.257857
0.401942
0.014677
0.022878
0.035662
0.055588
0.086650
0.135067
0.210540
0.328184
0.010378
0.016177
0.025216
0.039307
0.061271
0.095507
0.148874
0.232061
0.000000
0.000000
0.000000
0.000000
0.000000
0.000000
0.000000
0.000000
-0.008413
-0.013113
-0.020441
-0.031862
-0.049666
-0.077418
-0.120678
-0.188110
-0.006869
-0.010707
-0.016690
-0.026015
-0.040552
-0.063212
-0.098533
-0.153591
-0.004857
-0.007571
-0.011801
-0.018396
-0.028675
-0.044697
-0.069673
-0.108605
-0.000000
-0.000000
-0.000000
-0.000000
-0.000000
-0.000000
-0.000000
-0.000000
0.020923
0.032614
0.050838
0.079246
0.123526
0.192550
0.300142
0.467853
0.017084
0.026629
0.041509
0.064704
0.100859
0.157216
0.245065
0.382001
0.012080
0.018830
0.029352
0.045753
0.071318
0.111169
0.173287
0.270115
0.000000
0.000000
0.000000
0.000000
0.000000
0.000000
0.000000
0.000000
-0.040972
-0.063867
-0.099554
-0.155182
-0.241894
-0.377059
-0.587750
-0.916171
-0.033454
-0.052147
-0.081285
-0.126706
-0.197506
-0.307867
-0.479896
-0.748050
-0.023655
-0.036874
-0.057478
-0.089595
-0.139658
-0.217695
-0.339338
-0.528951
-0.000000
-0.000000
-0.000000
-0.000000
-0.000000
-0.000000
-0.000000
-0.000000
-0.025310
-0.039453
-0.061499
-0.095863
-0.149429
-0.232926
-0.363080
-0.565960
-0.020666
-0.032214
-0.050214
-0.078272
-0.122008
-0.190183
-0.296453
-0.462104
-0.014613
-0.022778
-0.035506
-0.055347
-0.086273
-0.134480
-0.209624
-0.326757
-0.000000
-0.000000
-0.000000
-0.000000
-0.000000
-0.000000
-0.000000
-0.000000
-0.020184
-0.031462
-0.049042
-0.076446
-0.119162
-0.185746
-0.289537
-0.451323
-0.016480
-0.025689
-0.040043
-0.062418
-0.097295
-0.151661
-0.236406
-0.368504
-0.011653
-0.018165
-0.028314
-0.044136
-0.068798
-0.107241
-0.167164
-0.260571
-0.000000
-0.000000
-0.000000
-0.000000
-0.000000
-0.000000
-0.000000
-0.000000
-0.026252
-0.040921
-0.063787
-0.099430
-0.154989
-0.241594
-0.376590
-0.587020
-0.021435
-0.033412
-0.052082
-0.081184
-0.126548
-0.197260
-0.307485
-0.479300
-0.015157
-0.023626
-0.036828
-0.057406
-0.089483
-0.139484
-0.217425
-0.338916
-0.000000
-0.000000
-0.000000
-0.000000
-0.000000
-0.000000
-0.000000
-0.000000
0.005894
0.009187
0.014320
0.022322
0.034795
0.054237
0.084544
0.131784
0.004812
0.007501
0.011692
0.018226
0.028410
0.044284
0.069030
0.107602
0.003403
0.005304
0.008268
0.012888
0.020089
0.031314
0.048811
0.076086
0.000000
0.000000
0.000000
0.000000
0.000000
0.000000
0.000000
0.000000
-0.037578
-0.058576
-0.091306
-0.142326
-0.221854
-0.345821
-0.539057
-0.840268
-0.030682
-0.047827
-0.074551
-0.116209
-0.181143
-0.282361
-0.440138
-0.686076
-0.021696
-0.033819
-0.052716
-0.082172
-0.128087
-0.199660
-0.311225
-0.485129
-0.000000
-0.000000
-0.000000
-0.000000
-0.000000
-0.000000
-0.000000
-0.000000
0.012270
0.019127
0.029815
0.046474
0.072443
0.112922
0.176020
0.274376
0.010019
0.015617
0.024343
0.037946
0.059149
0.092200
0.143720
0.224027
0.007084
0.011043
0.017213
0.026832
0.041825
0.065196
0.101625
0.158411
0.000000
0.000000
0.000000
0.000000
0.000000
0.000000
0.000000
0.000000
0.041637
0.064902
0.101168
0.157699
0.245817
0.383173
0.597281
0.931027
0.033996
0.052993
0.082604
0.128760
0.200709
0.312860
0.487678
0.760181
0.024039
0.037471
0.058410
0.091047
0.141922
0.221225
0.344841
0.537529
0.000000
0.000000
0.000000
0.000000
0.000000
0.000000
0.000000
0.000000
-0.005714
-0.008906
-0.013883
-0.021641
-0.033733
-0.052582
-0.081963
-0.127762
-0.004665
-0.007272
-0.011335
-0.017669
-0.027543
-0.042933
-0.066923
-0.104317
-0.003299
-0.005142
-0.008015
-0.012494
-0.019476
-0.030358
-0.047321
-0.073763
-0.000000
-0.000000
-0.000000
-0.000000
-0.000000
-0.000000
-0.000000
-0.000000
0.033000
0.051440
0.080183
0.124987
0.194827
0.303692
0.473388
0.737906
0.026945
0.042000
0.065469
0.102052
0.159076
0.247964
0.386520
0.602497
0.019053
0.029699
0.046294
0.072162
0.112484
0.175337
0.273311
0.426030
0.000000
0.000000
0.000000
0.000000
0.000000
0.000000
0.000000
0.000000
##END
