##TITLE= xc
##JCAMP-DX= 5.00 Bruker JCAMP library
##DATA TYPE= Shape Data
##ORIGIN= Bruker Analytik GmbH
##OWNER= <nmrsu>
##DATE= xx
##TIME= xx
##MINX= 0
##MAXX= 1
##MINY= 0
##MAXY= 1
##$SHAPE_EXMODE= gradient
##$SHAPE_TOTROT= 0
##$SHAPE_BWFAC= 0
##$SHAPE_INTEGFAC= 0
##$SHAPE_MODE= 0
##NPOINTS=544
##XYDATA= (X++(Y..Y))
0.004860
0.006753
0.009383
0.013038
0.018116
0.025172
0.034976
0.048599
0.003968
0.005514
0.007661
0.010645
0.014791
0.020552
0.028558
0.039681
0.002806
0.003899
0.005417
0.007527
0.010459
0.014533
0.020193
0.028058
0.000000
0.000000
0.000000
0.000000
0.000000
0.000000
0.000000
0.000000
0.075766
0.105276
0.146281
0.203256
0.282424
0.392427
0.545275
0.757657
0.061862
0.085958
0.119438
0.165958
0.230598
0.320415
0.445215
0.618624
0.043743
0.060781
0.084455
0.117350
0.163057
0.226568
0.314815
0.437434
0.000000
0.000000
0.000000
0.000000
0.000000
0.000000
0.000000
0.000000
-0.006870
-0.009546
-0.013265
-0.018431
-0.025610
-0.035585
-0.049446
-0.068704
-0.005610
-0.007795
-0.010831
-0.015049
-0.020911
-0.029055
-0.040372
-0.056097
-0.003967
-0.005512
-0.007658
-0.010641
-0.014786
-0.020545
-0.028547
-0.039667
-0.000000
-0.000000
-0.000000
-0.000000
-0.000000
-0.000000
-0.000000
-0.000000
-0.092532
-0.128573
-0.178652
-0.248236
-0.344922
-0.479268
-0.665941
-0.925322
-0.075552
-0.104979
-0.145868
-0.202684
-0.281628
-0.391321
-0.543738
-0.755522
-0.053423
-0.074232
-0.103145
-0.143319
-0.199141
-0.276706
-0.384481
-0.534235
-0.000000
-0.000000
-0.000000
-0.000000
-0.000000
-0.000000
-0.000000
-0.000000
0.056152
0.078023
0.108413
0.150639
0.209312
0.290838
0.404118
0.561520
0.045848
0.063705
0.088518
0.122996
0.170902
0.237468
0.329961
0.458479
0.032419
0.045047
0.062592
0.086971
0.120846
0.167915
0.233318
0.324194
0.000000
0.000000
0.000000
0.000000
0.000000
0.000000
0.000000
0.000000
-0.000951
-0.001321
-0.001836
-0.002551
-0.003545
-0.004926
-0.006844
-0.009510
-0.000776
-0.001079
-0.001499
-0.002083
-0.002894
-0.004022
-0.005588
-0.007765
-0.000549
-0.000763
-0.001060
-0.001473
-0.002047
-0.002844
-0.003952
-0.005491
-0.000000
-0.000000
-0.000000
-0.000000
-0.000000
-0.000000
-0.000000
-0.000000
-0.062453
-0.086779
-0.120578
-0.167543
-0.232801
-0.323475
-0.449468
-0.624533
-0.050993
-0.070854
-0.098452
-0.136798
-0.190081
-0.264117
-0.366989
-0.509929
-0.036057
-0.050102
-0.069616
-0.096731
-0.134407
-0.186759
-0.259500
-0.360574
-0.000000
-0.000000
-0.000000
-0.000000
-0.000000
-0.000000
-0.000000
-0.000000
0.069623
0.096741
0.134421
0.186777
0.259526
0.360610
0.501066
0.696230
0.056847
0.078989
0.109754
0.152503
0.211902
0.294437
0.409119
0.568469
0.040197
0.055853
0.077608
0.107836
0.149837
0.208198
0.289291
0.401968
0.000000
0.000000
0.000000
0.000000
0.000000
0.000000
0.000000
0.000000
-0.080011
-0.111175
-0.154477
-0.214645
-0.298248
-0.414415
-0.575828
-0.800110
-0.065329
-0.090774
-0.126130
-0.175257
-0.243519
-0.338368
-0.470161
-0.653287
-0.046194
-0.064187
-0.089187
-0.123925
-0.172194
-0.239263
-0.332454
-0.461944
-0.000000
-0.000000
-0.000000
-0.000000
-0.000000
-0.000000
-0.000000
-0.000000
-0.039291
-0.054595
-0.075860
-0.105407
-0.146462
-0.203508
-0.282774
-0.392913
-0.032081
-0.044577
-0.061939
-0.086064
-0.119586
-0.166164
-0.230884
-0.320812
-0.022685
-0.031520
-0.043798
-0.060856
-0.084560
-0.117495
-0.163259
-0.226848
-0.000000
-0.000000
-0.000000
-0.000000
-0.000000
-0.000000
-0.000000
-0.000000
0.001471
0.002044
0.002840
0.003946
0.005484
0.007619
0.010587
0.014711
0.001201
0.001669
0.002319
0.003222
0.004477
0.006221
0.008644
0.012011
0.000849
0.001180
0.001640
0.002278
0.003166
0.004399
0.006112
0.008493
0.000000
0.000000
0.000000
0.000000
0.000000
0.000000
0.000000
0.000000
-0.074148
-0.103029
-0.143158
-0.198917
-0.276394
-0.384049
-0.533634
-0.741482
-0.060542
-0.084122
-0.116888
-0.162415
-0.225675
-0.313574
-0.435710
-0.605417
-0.042809
-0.059484
-0.082652
-0.114845
-0.159576
-0.221731
-0.308094
-0.428095
-0.000000
-0.000000
-0.000000
-0.000000
-0.000000
-0.000000
-0.000000
-0.000000
-0.045503
-0.063226
-0.087852
-0.122070
-0.169616
-0.235681
-0.327478
-0.455029
-0.037153
-0.051624
-0.071731
-0.099670
-0.138491
-0.192433
-0.267385
-0.371530
-0.026271
-0.036504
-0.050722
-0.070477
-0.097928
-0.136071
-0.189069
-0.262711
-0.000000
-0.000000
-0.000000
-0.000000
-0.000000
-0.000000
-0.000000
-0.000000
-0.004860
-0.006753
-0.009383
-0.013038
-0.018116
-0.025172
-0.034976
-0.048599
-0.003968
-0.005514
-0.007661
-0.010645
-0.014791
-0.020552
-0.028558
-0.039681
-0.002806
-0.003899
-0.005417
-0.007527
-0.010459
-0.014533
-0.020193
-0.028058
-0.000000
-0.000000
-0.000000
-0.000000
-0.000000
-0.000000
-0.000000
-0.000000
0.053668
0.074572
0.103617
0.143976
0.200053
0.277973
0.386243
0.536683
0.043820
0.060888
0.084603
0.117556
0.163343
0.226964
0.315366
0.438199
0.030985
0.043054
0.059823
0.083124
0.115501
0.160488
0.222997
0.309854
0.000000
0.000000
0.000000
0.000000
0.000000
0.000000
0.000000
0.000000
0.097245
0.135121
0.187750
0.260878
0.362489
0.503677
0.699857
0.972448
0.079400
0.110326
0.153298
0.213006
0.295971
0.411251
0.571431
0.794001
0.056144
0.078012
0.108398
0.150618
0.209283
0.290798
0.404063
0.561443
0.000000
0.000000
0.000000
0.000000
0.000000
0.000000
0.000000
0.000000
0.047942
0.066615
0.092561
0.128614
0.178708
0.248314
0.345031
0.479419
0.039144
0.054391
0.075576
0.105013
0.145915
0.202748
0.281717
0.391444
0.027679
0.038460
0.053440
0.074255
0.103177
0.143364
0.199204
0.276793
0.000000
0.000000
0.000000
0.000000
0.000000
0.000000
0.000000
0.000000
##END
