##TITLE= yc
##JCAMP-DX= 5.00 Bruker JCAMP library
##DATA TYPE= Shape Data
##ORIGIN= Bruker Analytik GmbH
##OWNER= <nmrsu>
##DATE= xx
##TIME= xx
##MINX= 0
##MAXX= 1
##MINY= 0
##MAXY= 1
##$SHAPE_EXMODE= gradient
##$SHAPE_TOTROT= 0
##$SHAPE_BWFAC= 0
##$SHAPE_INTEGFAC= 0
##$SHAPE_MODE= 0
##NPOINTS=544
##XYDATA= (X++(Y..Y))
0.032845
0.045638
0.063414
0.088114
0.122434
0.170121
0.236383
0.328452
0.026818
0.037264
0.051778
0.071945
0.099967
0.138903
0.193006
0.268180
0.018963
0.026349
0.036612
0.050873
0.070687
0.098219
0.136476
0.189632
0.000000
0.000000
0.000000
0.000000
0.000000
0.000000
0.000000
0.000000
0.045507
0.063232
0.087861
0.122082
0.169633
0.235704
0.327509
0.455073
0.037157
0.051629
0.071738
0.099680
0.138504
0.192451
0.267410
0.371565
0.026274
0.036507
0.050726
0.070484
0.097937
0.136084
0.189088
0.262736
0.000000
0.000000
0.000000
0.000000
0.000000
0.000000
0.000000
0.000000
0.055426
0.077014
0.107011
0.148691
0.206605
0.287077
0.398892
0.554259
0.045255
0.062882
0.087374
0.121406
0.168693
0.234398
0.325694
0.452551
0.032000
0.044464
0.061783
0.085847
0.119284
0.165744
0.230301
0.320002
0.000000
0.000000
0.000000
0.000000
0.000000
0.000000
0.000000
0.000000
-0.034063
-0.047330
-0.065765
-0.091380
-0.126971
-0.176426
-0.245143
-0.340626
-0.027812
-0.038645
-0.053697
-0.074611
-0.103672
-0.144051
-0.200159
-0.278120
-0.019666
-0.027326
-0.037969
-0.052758
-0.073307
-0.101860
-0.141534
-0.196660
-0.000000
-0.000000
-0.000000
-0.000000
-0.000000
-0.000000
-0.000000
-0.000000
0.077213
0.107288
0.149076
0.207140
0.287820
0.399925
0.555694
0.772134
0.063044
0.087600
0.121720
0.169129
0.235004
0.326537
0.453722
0.630445
0.044579
0.061943
0.086069
0.119592
0.166173
0.230897
0.320830
0.445792
0.000000
0.000000
0.000000
0.000000
0.000000
0.000000
0.000000
0.000000
0.095070
0.132100
0.183552
0.255044
0.354383
0.492413
0.684206
0.950702
0.077624
0.107859
0.149869
0.208243
0.289352
0.402054
0.558652
0.776245
0.054889
0.076268
0.105974
0.147250
0.204603
0.284295
0.395027
0.548888
0.000000
0.000000
0.000000
0.000000
0.000000
0.000000
0.000000
0.000000
0.074715
0.103816
0.144252
0.200437
0.278506
0.386983
0.537712
0.747148
0.061004
0.084765
0.117781
0.163656
0.227400
0.315971
0.439040
0.610044
0.043137
0.059938
0.083284
0.115722
0.160796
0.223425
0.310448
0.431366
0.000000
0.000000
0.000000
0.000000
0.000000
0.000000
0.000000
0.000000
0.004379
0.006085
0.008455
0.011749
0.016325
0.022683
0.031518
0.043794
0.003576
0.004969
0.006904
0.009593
0.013329
0.018521
0.025735
0.035758
0.002528
0.003513
0.004882
0.006783
0.009425
0.013096
0.018197
0.025285
0.000000
0.000000
0.000000
0.000000
0.000000
0.000000
0.000000
0.000000
0.001205
0.001674
0.002326
0.003231
0.004490
0.006239
0.008669
0.012046
0.000984
0.001367
0.001899
0.002639
0.003666
0.005094
0.007078
0.009835
0.000695
0.000966
0.001343
0.001866
0.002592
0.003602
0.005005
0.006955
0.000000
0.000000
0.000000
0.000000
0.000000
0.000000
0.000000
0.000000
-0.040178
-0.055828
-0.077572
-0.107786
-0.149769
-0.208103
-0.289158
-0.401783
-0.032805
-0.045583
-0.063337
-0.088007
-0.122286
-0.169915
-0.236096
-0.328055
-0.023197
-0.032232
-0.044786
-0.062230
-0.086469
-0.120148
-0.166945
-0.231970
-0.000000
-0.000000
-0.000000
-0.000000
-0.000000
-0.000000
-0.000000
-0.000000
-0.094469
-0.131264
-0.182391
-0.253432
-0.352143
-0.489301
-0.679881
-0.944691
-0.077134
-0.107177
-0.148922
-0.206926
-0.287523
-0.399512
-0.555120
-0.771337
-0.054542
-0.075786
-0.105304
-0.146319
-0.203310
-0.282498
-0.392529
-0.545418
-0.000000
-0.000000
-0.000000
-0.000000
-0.000000
-0.000000
-0.000000
-0.000000
0.040624
0.056447
0.078432
0.108981
0.151429
0.210410
0.292364
0.406238
0.033169
0.046088
0.064040
0.088983
0.123641
0.171799
0.238714
0.331692
0.023454
0.032589
0.045283
0.062920
0.087428
0.121480
0.168796
0.234542
0.000000
0.000000
0.000000
0.000000
0.000000
0.000000
0.000000
0.000000
-0.081446
-0.113168
-0.157247
-0.218494
-0.303596
-0.421846
-0.586153
-0.814457
-0.066500
-0.092402
-0.128392
-0.178400
-0.247885
-0.344436
-0.478592
-0.665001
-0.047023
-0.065338
-0.090787
-0.126148
-0.175281
-0.243553
-0.338416
-0.470227
-0.000000
-0.000000
-0.000000
-0.000000
-0.000000
-0.000000
-0.000000
-0.000000
-0.032845
-0.045638
-0.063414
-0.088114
-0.122434
-0.170121
-0.236383
-0.328453
-0.026818
-0.037264
-0.051778
-0.071945
-0.099967
-0.138903
-0.193006
-0.268180
-0.018963
-0.026349
-0.036612
-0.050873
-0.070687
-0.098219
-0.136476
-0.189632
-0.000000
-0.000000
-0.000000
-0.000000
-0.000000
-0.000000
-0.000000
-0.000000
-0.041277
-0.057354
-0.079693
-0.110733
-0.153863
-0.213792
-0.297064
-0.412769
-0.033702
-0.046829
-0.065069
-0.090413
-0.125629
-0.174561
-0.242551
-0.337024
-0.023831
-0.033113
-0.046011
-0.063932
-0.088833
-0.123433
-0.171510
-0.238312
-0.000000
-0.000000
-0.000000
-0.000000
-0.000000
-0.000000
-0.000000
-0.000000
-0.023121
-0.032126
-0.044639
-0.062025
-0.086184
-0.119752
-0.166395
-0.231205
-0.018878
-0.026231
-0.036447
-0.050643
-0.070369
-0.097777
-0.135861
-0.188778
-0.013349
-0.018548
-0.025772
-0.035810
-0.049758
-0.069139
-0.096068
-0.133486
-0.000000
-0.000000
-0.000000
-0.000000
-0.000000
-0.000000
-0.000000
-0.000000
-0.079670
-0.110701
-0.153819
-0.213730
-0.296977
-0.412649
-0.573373
-0.796700
-0.065050
-0.090387
-0.125592
-0.174510
-0.242481
-0.336926
-0.468157
-0.650502
-0.045997
-0.063913
-0.088807
-0.123397
-0.171460
-0.238243
-0.331037
-0.459975
-0.000000
-0.000000
-0.000000
-0.000000
-0.000000
-0.000000
-0.000000
-0.000000
##END
